72 7 13 2 10 5 11 6 7
69 10 5 8 9 12 1 15 17 20 6 14
93 12 13 4 17 16 14 7 10 3 23 5 15 8
53 13 15 21 16 7 5 9 11 18 12 1 19 25 6
61 14 5 10 21 18 4 20 8 24 12 6 28 1 11 3
62 14 28 19 6 15 1 23 20 14 9 12 11 4 5 7
60 14 20 9 3 26 7 10 22 14 21 6 13 15 16 2
156 15 20 1 18 30 19 28 21 2 22 12 29 23 3 27 17
129 16 9 15 10 14 16 26 31 22 20 17 21 18 32 3 27 13
20 17 34 8 9 28 33 6 26 29 19 10 7 3 22 11 1 2 13
54 17 32 13 25 28 27 11 21 24 14 5 23 8 9 6 16 19 4
71 20 4 36 11 6 14 13 30 16 8 24 27 28 7 5 9 37 3 32 23 22
66 21 2 5 27 12 41 31 38 23 30 16 32 25 9 7 6 21 17 18 4 33 39
104 22 36 28 8 23 1 11 41 31 16 17 10 37 2 12 35 6 21 14 18 29 4 26
147 23 46 24 14 7 6 20 32 36 35 21 34 41 18 42 37 15 5 19 26 29 25 44 43
189 24 19 38 42 39 31 32 33 28 36 30 35 3 16 9 43 23 17 24 2 48 37 11 13 15
117 28 53 12 13 9 23 38 54 16 2 31 46 5 43 22 56 47 30 19 41 27 15 37 6 51 52 42 32 33
165 29 38 49 28 57 18 32 3 43 58 36 26 33 34 17 48 7 8 22 47 4 56 13 46 19 55 54 50 39 25
147 29 45 48 35 44 12 6 13 42 37 3 46 52 23 10 40 56 49 2 41 29 11 20 14 36 25 27 4 24 17
69 29 22 46 54 13 10 12 40 29 57 16 15 3 38 8 33 51 50 2 5 42 52 35 20 6 41 34 18 4 55
129 30 34 2 58 38 21 19 11 39 27 1 30 51 12 53 15 55 7 26 42 35 52 14 50 45 32 60 6 28 17 13
141 31 36 15 58 29 55 28 17 16 25 7 41 42 27 35 13 6 60 9 49 61 30 3 2 51 37 54 8 18 43 19 12
254 31 18 38 36 54 51 12 8 46 21 3 47 45 58 23 5 16 19 4 52 14 13 11 37 42 49 17 32 29 48 6 44
77 31 38 27 26 22 58 13 55 20 39 50 32 14 59 16 31 56 7 36 8 9 15 44 45 25 62 43 47 12 52 51 46
153 31 45 22 1 61 54 36 51 33 31 19 56 10 44 13 18 34 20 5 2 30 24 40 29 52 37 32 16 17 43 48 23
177 32 15 40 18 2 59 38 51 57 10 56 25 61 11 31 27 7 28 54 34 30 19 49 4 12 36 50 8 3 29 16 33 24
121 33 61 6 12 57 7 14 43 55 8 11 41 3 39 34 36 35 38 53 4 42 59 25 5 31 44 65 23 54 58 15 2 13 9
158 35 35 62 14 36 17 3 66 59 1 13 47 49 54 7 4 20 65 43 19 25 40 8 12 6 27 30 31 68 11 39 69 52 44 64 18
109 37 60 14 63 69 29 25 44 8 26 66 1 70 11 48 28 46 16 57 30 7 34 18 74 3 68 40 19 22 4 64 31 71 43 12 21 58 56
435 39 10 77 23 75 31 68 8 70 78 54 47 72 40 41 39 65 66 34 14 69 7 58 24 50 36 48 5 57 29 43 76 21 63 19 6 45 22 55 60
179 39 27 2 7 71 40 52 76 33 68 19 3 18 56 60 21 35 23 57 55 65 73 41 61 4 70 5 67 49 38 26 22 77 75 50 54 51 43 47 29
334 40 12 26 37 33 8 47 70 68 11 49 53 38 34 63 59 29 36 65 39 44 4 58 71 66 16 52 79 14 80 25 64 73 74 57 32 50 55 24 51 76
273 41 31 17 67 16 47 5 18 68 53 38 39 49 8 61 66 4 1 2 29 62 35 77 50 82 24 30 25 51 56 75 71 73 26 28 48 78 11 81 59 65 60
124 42 14 75 50 17 76 40 72 12 74 53 71 43 37 32 57 8 13 34 46 44 47 51 52 23 70 48 10 1 68 64 36 60 77 9 24 73 38 15 19 65 63 21
245 42 12 9 66 81 28 16 15 46 18 55 57 29 38 43 77 62 76 10 42 4 71 37 49 74 25 64 23 32 53 31 33 61 63 17 75 39 67 34 3 36 45 13
167 46 13 48 73 47 34 80 56 38 84 59 18 55 52 69 27 68 28 2 42 8 70 12 85 66 16 1 22 36 46 11 77 39 24 78 50 82 71 25 64 6 29 72 49 33 3 15
81 47 91 72 57 10 18 38 93 63 5 64 52 32 44 43 61 51 8 82 40 9 50 59 25 7 30 14 70 33 80 26 4 45 35 74 27 94 15 78 21 34 11 48 13 49 29 28 62
184 48 10 95 79 69 67 55 27 33 43 22 26 23 35 85 8 49 84 48 31 75 78 68 19 96 59 66 80 93 64 62 15 1 17 28 20 88 57 82 70 25 42 21 46 40 72 52 24 6
399 48 71 12 61 64 48 68 46 40 43 39 57 24 84 8 87 83 93 14 75 56 9 96 11 51 74 38 86 58 30 1 29 72 77 13 34 37 80 45 85 17 67 50 52 3 59 28 79 27
281 49 45 80 75 13 84 15 77 79 50 30 65 24 38 25 81 96 83 46 26 52 91 72 41 14 42 51 20 44 40 47 8 82 88 67 21 70 85 11 34 12 73 39 49 76 7 22 87 29 36
313 50 28 30 85 62 64 75 88 45 61 38 54 89 1 93 26 37 66 47 27 19 29 55 50 4 92 32 25 15 77 36 49 96 81 82 7 97 21 72 22 79 52 51 68 14 24 80 73 94 48 13
152 50 81 92 7 4 58 83 74 8 54 16 6 46 41 51 39 68 64 44 13 80 93 40 53 43 56 1 95 5 91 23 36 100 57 73 69 99 21 27 90 32 85 70 20 71 55 2 61 94 65 24
263 51 61 3 65 21 17 34 35 22 47 23 94 68 45 25 64 20 9 46 27 29 58 43 31 44 73 78 1 33 63 81 50 79 95 14 84 54 36 76 37 93 53 66 16 67 62 56 5 8 90 39 101
243 53 73 34 45 12 77 56 35 90 81 3 38 10 59 5 79 84 82 93 91 68 27 33 18 2 87 41 71 9 22 58 26 83 92 54 32 98 39 4 61 97 20 7 1 76 53 94 48 99 6 101 8 44 29
539 53 3 78 74 90 34 88 40 22 97 12 41 104 39 103 87 29 17 9 83 6 72 73 31 36 11 101 47 52 24 15 43 81 16 95 55 48 30 51 89 61 21 26 82 58 102 38 49 70 23 42 67 98 27
275 54 29 52 56 87 106 101 2 63 59 26 39 43 61 38 88 62 17 21 94 3 92 97 10 66 81 84 67 11 45 100 60 34 90 20 89 23 37 31 75 1 27 13 28 65 50 102 16 80 76 54 8 93 4 85
386 54 3 106 18 73 69 26 99 103 2 27 96 80 46 62 6 85 84 54 65 11 25 63 21 83 60 98 93 20 8 81 91 67 48 31 71 29 35 4 68 30 7 53 66 72 45 51 14 76 107 82 28 12 19 52
458 55 21 91 16 46 85 70 36 17 79 31 83 6 86 104 93 1 81 48 38 105 8 4 37 2 72 33 34 29 92 102 3 7 88 51 63 56 84 76 50 43 96 25 19 39 101 13 77 66 14 64 15 32 103 49 28
357 56 20 4 44 31 67 80 87 23 46 25 75 96 97 56 85 21 26 34 69 91 11 104 94 76 51 36 32 89 29 13 95 27 64 62 53 15 71 43 22 65 58 68 83 48 5 103 54 1 28 111 35 84 33 45 52 63
295 56 54 48 63 95 101 43 85 60 19 57 104 82 80 91 3 6 41 36 68 35 97 8 17 40 39 24 1 27 84 51 34 98 46 100 21 59 62 112 28 4 42 67 9 90 79 15 69 33 22 71 76 73 88 18 78 89
228 57 92 91 53 97 26 43 84 94 110 37 12 16 30 32 66 89 4 64 80 51 18 36 14 111 75 58 1 78 112 72 69 107 76 101 34 62 23 20 65 9 104 40 50 71 5 87 13 77 63 21 11 86 82 49 68 60 33
457 57 83 7 34 14 73 74 75 50 110 44 114 90 76 80 10 29 37 43 26 48 33 111 58 88 89 99 22 109 53 95 46 66 23 36 72 71 54 11 102 85 82 21 38 39 77 24 25 35 96 61 15 16 18 19 12 27 62
355 59 96 62 101 116 110 115 111 34 102 10 106 27 6 84 51 100 30 66 28 52 113 86 76 56 107 74 105 22 29 11 33 54 71 49 108 37 16 91 3 59 41 83 103 98 25 88 35 21 94 64 24 118 26 87 2 89 15 7 60
310 61 118 85 88 18 35 49 1 16 23 3 114 42 63 12 104 61 96 83 68 121 101 30 77 111 86 79 50 98 40 90 102 20 57 108 21 26 31 38 55 34 11 122 10 37 4 81 99 107 82 94 47 25 105 93 7 9 100 73 45 103 72
651 63 108 39 30 119 120 28 91 84 21 87 117 47 103 105 76 46 93 4 73 96 52 106 89 85 97 110 70 101 37 44 15 121 79 58 100 98 59 90 34 109 88 75 118 45 55 72 6 86 20 14 126 63 64 41 29 123 32 3 36 17 22 83 66
303 64 109 68 16 17 93 81 34 98 41 21 66 38 79 110 35 58 122 70 31 90 59 57 24 2 47 60 120 19 100 67 65 51 128 121 96 5 72 54 105 20 103 126 82 119 28 32 42 39 113 114 55 26 18 127 74 7 95 30 78 83 91 6 33 12
436 64 86 30 39 109 93 47 77 24 105 19 91 69 113 57 36 106 51 79 13 125 18 48 80 32 128 38 68 25 67 52 78 101 7 50 118 124 88 97 29 119 102 100 107 45 31 33 46 70 83 126 127 96 41 111 22 2 49 42 117 84 3 58 110 26
207 64 41 8 104 118 70 46 54 84 122 34 44 38 111 53 113 126 82 23 112 52 5 40 13 55 58 78 14 100 89 83 51 19 96 66 4 18 2 12 39 24 75 95 90 97 36 30 98 81 86 57 26 62 117 108 28 128 65 120 21 109 110 37 119 114
674 64 75 19 85 115 119 7 29 81 52 93 79 46 74 101 63 48 6 61 90 27 16 44 64 65 108 103 78 88 20 53 18 45 89 70 13 60 126 30 123 111 105 38 127 51 96 62 58 36 68 97 5 21 22 10 110 92 99 34 106 69 114 54 104 128
174 66 96 102 121 36 16 123 78 126 80 129 61 18 115 114 66 111 30 131 24 60 56 92 101 31 43 71 86 106 8 45 37 118 52 62 85 54 69 35 38 124 94 72 91 112 105 32 82 64 109 46 99 122 41 57 19 29 108 55 74 100 49 48 10 27 95 21
527 66 38 85 81 13 34 39 126 74 50 51 33 92 120 131 75 35 69 71 48 94 104 16 47 130 95 18 31 25 41 117 15 97 122 62 115 10 100 59 98 3 21 26 107 86 23 125 67 73 6 7 90 116 68 5 2 119 84 118 79 103 11 65 36 64 37 49
245 66 121 101 95 118 24 67 56 26 70 72 34 16 12 61 47 131 123 100 87 77 90 43 88 80 8 119 35 132 105 40 13 104 93 127 25 76 117 2 58 86 27 85 44 69 28 3 20 83 106 48 113 19 4 107 82 6 75 92 39 11 122 81 94 22 79 21
265 67 57 51 75 109 107 60 98 15 72 20 96 120 37 78 40 55 65 113 9 73 3 106 110 90 49 117 62 81 18 114 91 14 67 129 119 108 94 82 44 131 112 102 22 128 71 56 19 85 23 48 45 126 93 68 133 39 123 77 21 115 79 24 8 12 88 11 13
245 68 63 135 10 50 44 131 55 15 85 46 65 73 54 115 134 17 119 124 114 51 59 99 68 86 110 87 53 38 8 13 29 84 31 34 109 111 106 12 1 23 127 61 42 125 120 62 113 97 112 117 76 21 93 14 2 33 82 22 101 91 5 67 27 107 102 60 45 103
435 68 71 93 133 63 37 55 1 98 135 115 65 86 29 72 59 2 18 12 68 108 14 20 60 46 41 114 75 44 42 121 124 9 111 125 16 78 118 67 31 54 4 62 19 48 35 43 117 81 32 36 120 73 87 109 82 24 84 101 89 104 33 58 132 30 25 39 17 102
204 69 113 91 109 22 123 74 114 86 122 87 67 43 103 70 61 77 99 137 84 32 95 6 4 62 105 30 96 104 12 138 52 83 119 80 128 69 89 35 94 115 26 48 132 131 15 110 130 42 34 28 38 106 71 76 53 9 55 21 51 47 92 50 8 135 29 81 116 16 66
481 69 100 13 32 76 54 122 116 102 123 49 37 2 51 72 121 60 79 39 27 57 35 40 4 44 138 20 86 137 17 48 43 6 108 1 124 21 7 88 34 96 125 117 5 70 95 8 58 81 50 24 26 46 23 115 71 28 136 15 66 114 103 87 52 128 127 74 80 104 129
341 69 125 135 59 55 47 20 92 24 28 84 3 29 138 89 49 123 104 44 77 83 1 57 114 101 36 127 105 67 58 26 61 19 90 110 78 68 21 79 2 112 130 88 115 54 50 46 43 6 107 9 87 64 34 71 40 126 45 113 4 117 106 11 51 38 18 23 35 17 42
413 70 14 126 120 72 99 64 104 109 73 54 106 39 17 124 13 52 77 98 111 87 59 1 12 113 114 96 27 139 91 74 89 105 130 18 82 57 11 61 76 33 37 7 47 129 93 42 25 46 132 10 8 118 140 19 49 80 65 60 23 79 43 92 32 40 28 127 83 90 110 107
403 71 20 83 69 100 72 90 103 142 92 50 84 13 33 124 138 29 75 77 28 95 78 30 35 15 88 66 27 98 129 9 115 34 96 122 16 128 36 123 26 71 2 3 65 23 139 118 60 74 137 59 125 8 91 87 102 63 121 97 21 42 52 120 49 38 41 105 6 53 79 17 70
261 71 123 49 108 44 115 96 31 70 30 64 106 50 72 63 2 74 28 77 135 15 109 6 33 80 37 29 71 113 82 136 133 92 68 87 13 132 59 69 18 32 127 20 12 47 120 88 138 131 54 107 9 79 42 48 94 38 130 56 118 100 129 14 26 81 24 21 104 114 10 45 95
534 72 71 112 105 37 44 140 72 18 70 17 26 135 99 97 92 131 133 1 34 21 7 6 25 66 122 88 3 128 113 118 29 78 4 45 102 67 24 127 2 121 30 106 58 129 19 32 80 50 115 48 120 65 42 61 75 101 83 43 117 119 53 51 9 23 27 49 13 52 89 137 60 68
551 73 118 106 121 47 101 103 5 25 20 72 112 71 14 28 77 129 36 45 17 58 57 120 70 108 146 30 3 109 52 78 90 123 19 63 124 144 88 73 10 22 74 62 66 8 27 11 60 6 46 38 83 4 133 31 44 49 114 145 39 100 82 75 42 95 143 139 135 122 115 136 81 87 53
482 74 116 72 58 11 124 126 25 115 36 74 137 118 91 55 35 142 98 112 13 71 47 147 52 64 79 85 97 62 7 133 117 42 134 108 122 14 26 82 109 106 66 6 130 60 54 105 129 131 102 46 16 132 119 57 138 21 23 65 31 39 92 18 15 61 19 29 103 70 53 40 10 38 49 86
544 75 39 41 107 76 3 109 92 140 14 129 96 91 28 36 133 25 6 16 63 108 147 97 137 99 48 1 52 34 57 2 4 65 106 131 31 10 33 58 26 149 127 46 80 116 73 53 61 20 138 90 23 136 40 12 59 121 144 146 15 115 19 68 105 50 83 126 122 49 103 21 71 47 8 119 54
279 75 135 43 134 16 116 25 95 44 120 27 34 127 131 129 123 98 79 84 100 105 14 15 46 37 137 99 104 45 23 47 128 101 20 109 113 77 41 48 111 7 81 38 125 49 148 130 150 103 9 93 90 21 75 115 69 13 78 65 106 28 122 6 63 102 82 126 146 19 83 30 40 147 52 17 4
317 76 13 16 113 59 116 12 7 34 108 67 77 124 139 58 71 117 130 56 11 48 9 94 63 57 6 127 99 114 141 89 8 32 152 142 22 146 96 138 104 105 90 151 118 3 31 2 76 64 81 74 39 33 26 4 93 28 145 65 45 86 150 135 66 54 68 78 100 126 61 40 10 46 18 15 87 109
537 76 43 74 3 150 73 79 140 49 21 143 70 51 90 133 109 93 63 82 24 129 4 112 151 128 9 97 69 50 5 88 14 76 100 113 138 115 77 26 134 117 123 144 32 18 6 136 46 2 94 66 102 61 131 15 38 39 135 106 57 111 8 152 75 116 12 85 103 118 45 33 83 107 91 92 104 125
281 77 48 88 55 77 6 153 30 119 51 56 105 23 123 106 5 47 147 81 82 49 102 99 40 66 44 64 24 111 139 118 57 8 25 14 96 149 95 54 68 71 52 120 150 87 100 84 97 143 138 122 15 21 151 43 65 27 148 107 59 73 89 39 63 131 86 128 76 29 4 93 112 1 46 11 45 61 12
589 78 146 27 110 80 94 117 128 37 6 126 16 118 148 46 97 107 131 23 136 100 42 67 113 124 91 141 142 50 75 129 52 125 14 145 155 140 72 58 54 85 103 121 152 116 139 114 95 123 83 45 112 28 138 151 82 66 13 9 44 150 24 55 63 76 104 49 88 133 105 99 89 101 115 20 144 60 19 111
368 79 133 152 149 74 143 38 101 8 94 91 45 63 71 117 26 104 59 7 37 49 69 40 151 86 150 130 24 137 32 127 121 70 41 134 9 108 46 34 100 18 48 138 154 1 124 61 36 14 77 142 90 78 28 29 84 66 112 106 53 54 157 64 17 115 92 123 95 11 10 132 15 148 109 88 82 62 3 57 56
451 80 36 58 2 15 85 110 68 156 16 95 39 72 158 93 35 10 115 69 111 53 90 41 61 31 79 18 133 116 87 38 59 157 25 32 137 134 118 67 130 132 114 127 154 131 106 144 11 12 4 151 160 8 88 74 109 143 103 123 89 64 22 102 117 140 149 23 147 97 65 7 73 101 129 139 152 50 112 83 9 148
615 81 126 127 119 31 84 2 141 116 154 93 160 44 101 63 138 152 43 28 114 88 67 156 80 118 79 133 70 19 124 3 37 110 104 61 33 11 68 27 12 13 144 47 64 75 62 35 139 87 40 8 98 148 81 96 26 50 86 94 20 146 48 83 73 16 142 151 60 131 15 32 69 92 49 115 34 153 102 105 91 65 99
603 83 68 19 96 142 62 25 12 13 132 88 70 29 103 11 122 8 5 90 159 80 40 101 138 161 16 41 94 148 95 63 136 77 3 150 121 57 102 14 91 15 130 104 111 131 125 66 44 105 116 30 61 76 18 140 124 115 166 145 164 34 134 47 58 162 69 85 163 112 67 149 98 33 75 53 143 155 154 158 64 24 89 49 129
518 83 55 26 23 86 131 125 54 59 49 135 43 80 6 41 25 105 46 155 129 145 124 48 142 123 107 28 100 31 114 66 122 156 77 15 158 71 2 47 110 44 81 117 65 67 73 99 148 157 94 27 3 12 79 113 96 126 17 58 63 92 154 20 72 93 34 19 116 42 62 29 8 153 149 53 102 128 37 83 90 10 38 109 151
422 84 32 37 58 110 41 39 87 2 156 104 106 113 67 118 155 117 102 109 149 92 64 163 123 43 15 79 24 72 128 94 11 121 45 19 4 91 150 30 20 42 151 124 22 12 126 162 40 145 34 62 139 146 69 48 132 27 115 31 158 114 89 70 74 127 160 119 93 147 100 46 44 130 103 16 107 26 50 142 35 82 52 167 136 6
826 84 48 44 82 19 93 100 87 96 106 14 29 21 81 128 10 103 24 130 6 40 89 39 166 121 67 26 138 3 88 105 70 104 118 136 161 45 5 52 7 18 135 122 20 163 90 55 151 16 114 140 132 58 101 72 131 66 4 143 64 35 160 54 139 28 155 1 15 110 168 33 36 60 61 99 97 32 149 71 25 85 120 59 68 42
272 84 10 67 130 54 81 71 60 47 139 63 111 83 100 32 146 125 138 16 27 74 30 42 98 87 50 151 148 135 143 121 6 144 163 14 105 102 29 44 11 84 68 140 117 49 158 15 53 129 119 48 43 147 38 118 61 35 109 64 166 93 104 55 3 21 77 73 52 40 153 45 23 79 161 141 13 96 95 157 132 78 75 19 126 24
819 87 8 102 83 124 33 52 86 39 140 1 151 118 50 162 48 105 63 170 18 36 161 173 55 139 114 46 44 117 159 138 160 143 49 120 26 10 72 80 150 100 40 65 119 97 144 157 54 174 6 20 25 62 5 21 112 74 126 146 29 91 116 131 82 141 61 67 106 115 34 43 60 38 4 31 93 79 148 142 152 135 27 130 16 87 56 71 165
421 91 25 32 74 35 144 42 13 108 36 24 94 100 97 61 72 134 181 15 168 67 173 27 28 112 140 44 40 125 19 85 153 82 17 91 161 107 26 48 154 18 23 37 49 179 106 142 2 171 162 62 175 149 1 169 83 30 114 55 158 80 9 137 102 126 46 87 73 59 75 56 156 33 57 101 166 120 5 38 111 20 31 130 147 81 150 70 155 92 131 113 79
387 92 135 169 65 37 62 94 78 16 184 41 181 128 87 111 122 22 5 55 170 83 146 56 113 42 11 110 133 157 172 66 15 13 166 121 117 75 58 40 129 57 109 72 86 64 151 21 168 150 63 17 29 4 162 179 140 182 26 143 18 105 45 59 84 158 114 1 92 153 77 155 25 154 6 54 61 100 130 167 139 173 38 12 96 79 76 176 160 101 89 125 149 30
433 92 121 101 31 56 95 74 5 155 45 29 34 71 166 92 4 63 140 109 115 93 60 174 108 168 82 150 16 52 161 184 70 179 39 20 27 175 86 6 38 156 55 118 90 142 134 111 42 145 151 32 120 133 138 103 102 44 88 147 127 28 72 167 139 183 61 75 69 123 113 182 112 171 83 78 117 94 160 79 110 180 19 41 13 162 1 68 136 125 84 129 7 85
397 93 54 126 33 14 70 28 67 34 147 123 13 80 55 11 71 127 48 155 45 35 27 173 16 102 7 151 86 39 119 1 160 23 144 20 44 131 56 165 171 78 40 143 81 138 178 159 63 152 72 145 98 46 47 42 73 139 174 106 4 66 90 103 134 75 89 181 83 183 168 3 175 94 62 140 101 111 2 53 92 182 30 115 85 51 50 15 161 184 124 179 10 43 153
257 93 61 87 36 105 90 67 130 168 177 120 79 88 143 152 99 49 14 3 186 16 6 50 155 10 138 42 139 64 1 38 47 113 72 46 94 103 134 124 110 166 125 15 80 106 100 45 51 176 34 132 156 164 109 56 135 107 108 127 57 126 92 173 37 116 122 165 70 48 102 5 128 180 183 75 27 162 9 39 144 131 32 185 35 76 118 117 63 137 148 154 179 182 153
721 99 126 107 49 57 11 177 85 194 147 86 116 123 110 182 5 74 152 189 76 129 155 14 38 95 153 45 94 40 99 171 151 137 97 37 81 148 176 55 6 9 121 127 104 64 48 53 16 173 71 47 198 70 100 180 195 75 52 138 3 62 112 120 142 114 144 178 163 140 58 79 88 130 33 34 166 172 164 139 118 80 50 135 54 190 170 17 119 175 30 12 133 89 87 41 84 179 36 167 128
427 100 109 190 83 50 36 69 127 149 41 72 119 118 42 18 198 161 120 107 117 194 136 197 103 166 47 23 150 45 188 163 138 174 98 114 6 142 63 28 46 126 22 153 100 192 54 62 178 133 19 91 86 189 124 193 29 170 13 140 139 158 130 113 129 56 40 164 15 30 195 106 65 32 93 85 66 134 4 55 171 115 183 135 123 97 108 9 52 37 73 38 81 51 102 182 64 165 104 151 184 146
724 101 190 59 168 149 172 104 4 175 164 114 115 173 40 103 165 67 135 161 34 39 85 201 72 140 186 31 150 158 14 79 182 45 200 44 159 12 163 153 155 125 66 196 62 123 106 37 6 97 86 16 92 21 68 180 22 122 113 119 69 42 5 137 23 105 28 49 76 136 33 108 91 148 152 124 75 194 179 43 2 171 146 83 52 188 57 142 121 202 74 98 84 65 17 134 138 82 30 151 61 147 192
982 103 121 32 45 191 27 147 174 178 202 93 141 22 12 192 44 176 36 177 128 2 190 17 60 47 75 94 70 126 39 120 15 20 115 65 87 82 125 175 206 165 198 148 83 118 41 158 95 194 9 72 134 168 133 200 42 164 107 8 136 91 154 90 181 122 55 111 124 149 53 137 28 80 132 81 156 113 92 153 187 5 56 78 186 143 172 151 162 204 138 86 63 129 140 31 185 155 51 130 18 142 33 79 182
697 103 47 48 59 39 41 171 53 184 76 156 174 65 70 161 185 187 160 176 74 55 111 191 133 144 180 17 101 118 189 105 18 19 108 96 89 192 199 112 158 10 66 51 83 142 20 125 102 117 78 147 110 50 91 11 152 84 38 194 63 27 62 119 205 81 4 14 87 6 24 97 173 21 58 64 202 150 128 139 36 67 127 43 162 138 90 95 177 99 196 153 183 12 136 9 172 130 203 198 60 26 121 155 44
227 104 11 141 77 118 35 88 108 126 34 189 70 44 161 22 173 21 164 80 100 134 146 185 71 186 87 144 203 89 157 116 67 68 152 195 145 85 84 136 183 38 143 102 94 52 149 104 128 166 48 86 200 175 50 75 182 138 90 4 199 192 179 59 14 201 74 154 139 129 51 9 142 163 130 174 25 97 43 53 198 39 169 107 181 23 31 150 2 147 153 54 42 1 30 3 76 41 190 123 95 125 115 29 66 40
