bool 10 1 1 0 0 0 0 0 1 1 0
bool 11 1 1 0 1 1 0 1 0 1 0 0
char 11 t p g m s p t o d j a
bool 11 1 1 1 1 1 1 0 0 1 0 1
char 12 a o e p j h p n j a p p
int 12 66 45 14 2 5 33 73 33 43 31 19 11
bool 13 0 1 1 1 1 1 1 1 1 1 1 0 1
char 13 c p o f n a l t o f j n j
char 14 b t q h i t h p p m e j e o
int 15 65 42 23 2 40 32 28 25 3 8 6 43 9 3 42
bool 15 0 0 0 0 1 1 0 1 0 1 1 1 0 0 1
double 15 4.19 7.27 0.53 1.28 7.54 3.97 2.7 9.36 5.53 9.13 5.46 0.37 2.46 7.54 1.44
int 16 64 68 96 10 52 63 49 12 19 7 64 91 78 6 89 62
double 17 7.63 8.01 9.19 4.97 5.38 1.3 7.21 8.35 5.53 5.39 9.2 4.88 3.94 9.97 1.26 7.19 8.1
double 19 6.69 1.76 1.93 4.2 9.5 5.12 1.83 8.57 4.78 8.93 4.3 1.37 7.93 2.99 3.89 6 8.67 5.12 1.53
int 21 83 71 12 15 79 7 92 71 67 65 29 54 87 83 50 99 87 31 65 3 41
int 21 46 42 90 21 35 16 61 71 67 8 31 70 71 19 63 81 29 20 68 43 5
char 23 m q k t j i j m m s h b c q j f i f i n h f o
double 23 9.79 5.44 9.39 0.99 2.67 2.94 2.29 6.88 6.82 4.72 0.64 3.58 0.29 9.41 0.4 1.74 7.6 2.47 9.25 5.88 6.43 5.72 7.36
char 24 j e s i g g c o s b h p h b j s p f b b m m t o
int 25 81 53 82 69 46 48 29 52 56 29 36 93 76 35 78 82 24 36 60 96 19 45 28 36 45
int 25 15 59 31 80 95 46 63 17 78 32 50 56 9 45 49 77 86 44 27 14 46 78 15 24 27
int 26 75 60 29 66 4 92 72 74 80 44 10 16 7 48 68 11 30 58 51 52 88 91 48 42 78 8
double 27 4.92 8.73 8.03 2.64 6.51 1.26 7.08 7.05 9.72 1.42 5.88 4.42 7.65 2.99 2.74 2 9.09 1.69 9.82 0.57 1.85 4.01 3.43 5.87 5.26 4.13 8.67
bool 28 0 1 0 0 1 1 1 0 0 0 1 1 1 0 1 0 0 0 0 0 0 0 1 0 1 0 0 1
double 28 3.27 4.32 7.78 3.31 0.76 7.97 5.49 9.61 4.96 9.97 3.52 4.17 4.46 0.69 3.85 8.48 7.69 8.75 0.15 9.91 8.38 1.9 7.75 7.11 2.72 2.77 7.76 8.82
bool 29 0 1 1 1 1 1 1 0 1 1 1 1 1 0 0 0 1 1 1 0 0 0 1 0 1 1 0 0 0
char 29 p g t r m a q e k h o p d l n r r o q f l m q f h j p k m
char 32 r r s f o s k n h l l g i c g l i s n f p c c k s e k e j k r c
bool 35 0 1 0 0 1 0 0 0 0 0 0 0 0 1 0 0 0 0 0 0 0 0 0 1 1 0 0 0 1 1 0 1 1 1 1
bool 35 1 0 0 0 1 1 1 1 1 1 0 1 1 0 0 0 1 0 1 0 1 1 0 0 0 0 0 1 0 0 1 1 1 0 1
bool 35 0 0 1 1 1 0 1 0 0 0 0 1 1 0 0 0 1 0 0 0 1 1 0 1 0 1 1 1 1 0 1 1 1 1 0
bool 36 0 0 0 0 0 1 0 1 1 1 0 1 1 0 1 1 0 0 0 1 1 0 0 0 0 1 1 0 0 1 1 1 1 1 0 0
int 36 2 98 29 75 92 91 87 60 57 61 49 59 44 2 29 34 56 53 84 47 68 45 26 25 16 91 95 46 36 4 62 29 80 94 16 32
bool 36 1 1 1 0 1 0 1 0 1 1 1 0 1 0 0 1 0 1 0 0 0 1 0 0 1 0 1 0 0 1 1 0 1 0 1 1
bool 37 0 1 0 1 1 1 1 1 0 0 1 0 0 1 0 0 1 1 1 1 1 1 1 0 0 0 0 0 0 1 0 1 1 1 1 0 1
int 38 26 69 25 9 8 8 13 70 77 43 44 27 90 66 74 88 10 64 18 89 62 15 13 82 80 47 85 9 4 69 78 59 52 39 25 64 17 2
char 39 a t c g h r q s n j o j q f s t r e a q s r n c t h b e a c a i a e m q g j i
double 40 6.5 8.47 4.38 5.81 4.19 3.55 3.88 9.88 9.29 5.38 3.86 6.2 8.16 1.69 6.35 6.51 6.13 5.62 7.31 7.19 5.76 5.69 4.36 7.19 9.18 6.12 5.69 2.47 5.28 3.09 6.88 0.18 8.72 9.09 2.96 5.3 8.14 8.06 7.06 6.72
int 40 39 84 24 62 3 73 91 68 82 61 15 63 65 97 33 26 71 3 94 31 99 83 80 37 62 59 93 99 4 66 35 38 63 4 10 96 83 23 38 93
int 40 29 8 43 94 91 73 57 24 72 80 22 47 47 22 18 29 99 57 11 49 37 88 43 83 30 57 61 61 38 77 17 90 60 62 18 4 87 11 65 36
int 41 27 8 89 66 22 10 51 42 15 54 21 35 88 58 34 35 64 54 86 6 50 50 26 36 10 12 42 91 77 56 81 76 59 61 14 97 52 81 28 78 16
double 42 7.98 7.35 7.54 3.27 7.23 6.21 2.16 3.83 7.08 1.08 5.21 5.45 8.86 1.55 0.45 0.76 2.33 3.05 9.18 9.94 1.69 8.04 3.66 9.19 1.55 3.31 9.6 8.88 9.85 4.75 4.26 7.58 7.15 0.75 8.88 2.45 2.1 5.66 1.04 6.92 9.65 9.3
char 44 f a r b j l g r c m b g m b k e g k t g d m s g f q q k t e s n e k f k r m o n n n r i
char 45 i i r m o c j p q k i t n i c g f i o i e p k q o j a i k n a g j f e d i a o t s m t l f
double 45 8.91 3.06 0.11 8.2 1.12 4.6 2 9.29 4.69 7.1 5.39 5.88 0.78 6 6.7 5.07 5.86 8.31 9.96 2.79 2.26 6.57 7.88 9.21 4.73 7.38 9.68 5.56 5.81 6.8 8.32 0.09 9.64 4.51 7.45 9.52 9.84 1.03 1.44 9.89 7.03 5.54 3.5 8.09 6.11
bool 47 1 0 1 1 0 1 1 0 0 0 1 1 0 1 0 1 0 0 0 0 1 0 1 1 1 1 0 1 0 0 1 1 1 0 0 1 0 1 1 1 0 1 0 1 1 0 1
bool 48 1 0 0 1 0 1 1 0 1 0 1 1 0 0 0 1 1 1 0 1 1 1 1 1 0 0 0 0 0 0 0 1 0 1 0 1 1 1 1 0 1 0 1 1 1 0 1 0
char 49 f a q h s m l d g p b e a r p r l c j t j l i j j j m r d e m k p d r b b m c r n i r c m s j a t
char 51 n c t e n p j f m o e t q l e t g m l f t b d j p h n j r n n o j l i j n j m k m l c c t i j b q h l
double 51 1.94 4.63 0.81 2.61 7.69 9.96 8.32 5.38 8.52 4.3 5.68 3.61 1.55 5.58 7.71 5.22 2.68 7.82 0.38 8.9 0.95 4.26 6.35 7.47 6.27 7.72 9.27 9.64 9.88 8.96 9.7 5.19 2.06 3.59 9.55 0.02 7.72 7.57 6.65 6.93 4.44 1.07 3.11 4.17 3.75 6.78 8.01 8 4.64 3.09 4.89
double 53 2.32 5.06 3.94 7.24 4.79 2.94 2.2 8.7 1 4.65 9.35 8.49 7.02 6.84 9.89 5.77 5.62 7.87 3.43 5.17 5.15 2.73 2.54 1.8 6.96 4.65 5.5 2.76 4.28 3.73 0.68 1.09 7.41 4.32 6.76 1.72 5.58 2.91 9.68 9.14 0.8 3.22 1.88 1.27 9.34 7.35 4.25 8.7 9.3 2.06 3.45 7.09 9.54
char 54 a r o a m h k p p g l d p k l g q a c d e p i g l j r h j k t n o b s k b l o q e o m n h h n e f g l k o a
int 55 82 97 69 62 95 15 63 65 88 34 69 63 90 48 42 95 31 58 19 55 55 8 64 67 43 53 25 47 28 60 91 75 13 40 3 29 73 66 25 78 1 35 85 87 88 31 25 56 54 48 81 25 2 79 97
bool 56 1 0 0 1 0 1 0 0 1 0 0 1 0 1 0 1 0 0 0 1 0 0 0 0 1 1 0 0 0 0 1 1 1 1 0 1 1 1 1 0 1 1 0 1 0 0 0 0 0 1 1 0 1 1 0 1
double 57 6.32 9.22 3.64 5.66 7.77 5.74 9.67 7.55 6.38 9.19 5.85 6.3 0.08 0.97 4.68 4.96 3.69 2.09 2.2 8.27 3.82 4.48 9.42 0.54 0.81 2.55 2.9 1.48 8.12 6.57 9.27 1.16 6.43 3.21 9.6 1.31 6.08 3.48 1.59 0.62 5.98 4.11 8.33 9.29 9.81 2.87 8.9 8.48 3.82 5.36 0.42 6.27 5.42 2.21 2.51 8.88 2.07
double 59 9.24 2.3 6.62 3.96 3.9 9.79 8.25 2.12 9.36 2.71 8.46 5.21 0.64 7.57 3.19 3.5 8.62 5.04 5.36 2.21 5.98 2.29 3.81 5.29 7.88 3.5 2.62 3.94 4.82 8.13 1.63 3.6 8.58 4.03 8.47 6.89 3.56 4.59 2.4 5.9 2.48 8.58 9.59 6.74 7.83 7.67 3.34 1.25 5.25 0.41 4.56 2.81 1.89 2.16 2.84 6.49 5.32 9.98 5.68
int 62 70 81 66 24 25 95 10 8 93 51 70 84 37 27 14 2 12 21 33 76 27 56 87 67 35 8 97 75 68 2 5 88 23 30 80 52 19 78 50 27 74 92 76 57 54 66 92 78 71 31 91 37 90 86 33 20 77 11 66 19 79 28
char 62 k c k r a g g o i m k t h s k g e o g f d l e j s e p o t q i j k e f o s j i b c q i g r a i j j t f h b p n n t s f s r e
bool 63 0 1 1 0 0 1 0 1 1 0 1 0 1 0 0 1 0 1 1 1 1 1 1 1 0 1 0 1 0 1 0 0 0 1 0 1 0 1 1 0 0 0 0 0 1 0 1 0 1 1 0 0 1 0 0 1 1 0 1 1 1 1 0
char 63 q o a q o t k f g q e r b l o r e h e s o a g o b o q i p b l n b p k p e i b f d j r a m s o o n p m m g a l k h l s h k o c
char 64 n i a n p r h r m n a s f p d o p o c c d q t m m k c r c h t p q m k k o r l h g p b h r n c m r g s h r t b d t f i d s h g d
int 65 11 9 72 1 10 3 31 1 25 72 83 91 26 93 76 58 71 25 71 6 79 27 98 93 97 81 8 16 98 72 97 84 53 43 90 87 23 69 89 52 19 45 22 21 7 64 71 37 30 90 8 1 74 38 30 5 51 50 61 5 6 88 19 18 6
double 67 5.47 4.46 8.71 7.25 6.5 5.66 0.36 7.41 1.96 5.84 2.27 7.54 4.83 8.07 9.53 8.47 7.26 4.15 0.62 1.24 0.8 2.12 8.66 8.95 8.35 4.51 4.41 6.39 0.18 3.61 9.48 7.06 3.17 2.05 5.25 4.62 3.9 9.99 0.82 2.62 1.74 4.18 7.84 3.76 7.07 6.55 0.28 5.45 6.23 8.15 1.1 2.83 5.18 0.56 1.43 3.24 6.96 9.86 2.69 6.37 4.33 9.23 8.98 6.97 5.72 4.82 2.77
int 69 31 94 81 7 62 67 83 34 7 9 4 18 28 25 86 64 99 13 93 64 44 6 53 69 99 14 50 25 42 76 34 12 49 53 7 90 12 99 38 42 86 57 75 36 5 63 98 21 2 59 80 50 94 17 4 59 8 44 63 31 60 81 81 12 35 74 81 36 7
double 69 2.65 7.45 3.26 6.72 5.32 7.99 6.08 9.46 0.58 6.38 0.94 4.59 0.38 5.92 9.55 2.49 7.08 5.49 0.35 4.69 9.61 2.06 9.13 1.35 0.07 1.84 8.55 5.04 3.15 0.55 4.15 7.27 3.79 7.79 2.53 0.04 0.17 8.19 0.64 3.01 1.34 1.44 9.94 8 4.68 1.22 9.66 4.65 7.69 9.4 7.25 5.68 5.6 0.5 9.89 5.38 7.01 4.98 5.07 6.92 6.54 7.23 4.13 4.36 0.28 8.16 2.62 1.93 4.02
double 69 3.07 2.27 3.57 8.24 8.9 0.92 3.11 2.06 6.28 1.56 7.45 6.2 0.82 6.82 7.87 7.85 2.14 2.95 6.34 2.49 6.83 5.11 7.87 3.26 4.09 2.15 9.01 9.79 7.96 8.59 0.69 5.85 7.46 5.7 4.28 0.2 0.84 4.76 6.28 1.29 8.99 2.75 8.07 5.55 2.08 5.5 6.21 2.53 6.37 7.84 3.74 9.02 5.8 7.24 3.19 1.08 4.47 2.35 7.3 2.99 4.28 6.25 0.47 3.16 5.81 9.07 0.36 6.35 5.16
bool 70 1 1 0 1 1 1 0 1 0 0 0 0 1 1 1 0 0 0 1 1 0 0 1 1 0 0 1 0 1 0 0 1 1 0 1 0 1 0 1 0 1 0 1 0 0 0 0 0 1 1 0 1 1 0 1 1 0 0 1 0 0 1 0 0 1 1 1 1 0 0
double 72 5.45 9.39 5.43 0.33 4.19 4.58 0.83 9 9.45 7.84 3.79 9.97 7.15 7.95 3.26 2.26 6.08 0.24 5.96 4.17 5.5 8.96 7.72 8.38 6.59 9.81 4 3.72 2.09 1.31 9.5 3.45 2.32 9.27 2.96 0.56 4.31 1.85 0.43 2.79 1.92 1.81 2.86 6.02 7.27 9.76 7.23 8.27 1.16 1.77 4.82 7.26 4.34 9.87 6.65 7.26 5.79 3.6 3.59 3.97 7.08 7.14 6.69 6.83 7.55 5.76 3.43 0.87 1.21 5.73 0.62 8.88
double 72 5.79 7.8 0.86 8.23 6.76 6.19 9.23 6.36 1.02 7.14 9.88 9.31 0.93 6.3 6.3 4.65 3.15 2.57 0.52 8.77 3.77 6.65 5.4 4.57 6.33 3.42 2.86 0.25 4.99 3.3 4.85 6.6 8.9 8.53 8.91 7.75 3.03 3.64 4.13 7.72 0.37 2.46 1.92 2.48 6.33 8.37 0.23 8.3 5.47 7.46 2.03 9.52 2.5 4.64 5.36 1.4 1.9 3.37 7.68 9.08 9.42 1.61 1.41 1.89 4.06 7.52 2.5 3.7 1.69 3.49 1.3 0.85
double 73 3.7 9.86 0.23 9.54 6.82 3.8 9.43 4.3 8.23 8.63 0.9 9.91 8.55 8.06 2.67 5.63 0.83 2.91 5.03 6.19 5.01 6.76 1.9 4.03 9.42 2.99 0.22 6.47 0.22 8.4 5.71 3.38 0.16 9.43 4.26 0.97 8.58 6.31 8.5 9.93 2.05 9.56 1.74 2.43 7.57 7.04 7.38 6 0.27 4.05 0.15 7.69 3.9 9.82 4.1 4.13 4.11 9.21 4.72 0.13 4.44 5.88 4.65 6.35 7.1 8.41 3.42 5.61 8.58 2.77 6.74 8.67 3.43
bool 77 1 1 1 0 0 1 1 0 1 0 1 0 0 1 1 0 0 0 0 0 0 0 1 0 0 0 0 0 1 0 1 0 1 1 1 0 1 0 0 0 1 0 0 0 0 1 1 1 0 1 0 0 0 1 0 1 1 0 0 1 1 0 0 0 0 0 1 1 1 1 0 0 1 1 0 0 0
char 78 m f r a q f g g s i b o r o j d l o l e o d q p i p a b g q b a l b b h s l l f k h o n a d t a b m n l j i a e h m e b m d j s f a p t o t g g c t k j j q
double 82 2.02 8.62 7.72 3.02 8.41 1.72 8.48 4.52 9.33 0.9 8.61 4.49 1.1 4.78 0.4 6 1.13 4.02 1.72 8.55 0.43 5.44 7.94 8.87 2.94 7.06 4.38 9.41 7.37 0.17 9.99 7.89 0.26 5.27 1.52 1.53 3.27 8.92 5.82 1.5 2.23 6.03 7.01 7.32 1.87 5.98 4.2 5.18 1.64 5.06 0.63 8.79 4.2 8.3 5.45 7.15 4.18 0.92 6.6 8.56 1.82 7.26 5.81 5.23 6.03 8.49 5.21 9.88 4.49 3.14 4.5 4.5 3.91 2.6 0.29 7.68 6.94 7.15 6.25 9.56 0.86 5.49
bool 83 1 1 0 0 0 0 1 0 1 1 1 1 1 0 0 0 0 0 1 1 1 0 0 0 0 0 0 1 0 0 1 0 0 1 1 0 1 0 1 0 0 0 1 0 1 0 0 1 1 0 1 1 0 0 1 1 0 0 0 1 1 1 1 1 1 1 1 1 1 0 1 0 0 0 0 0 0 1 0 0 0 0 0
int 84 58 94 20 37 29 2 18 70 74 63 53 66 77 57 12 81 12 1 69 54 64 70 52 49 67 16 77 21 52 19 68 58 24 55 32 22 41 20 87 55 38 20 95 53 52 79 82 30 78 24 79 59 70 7 14 61 26 48 10 94 15 77 98 81 30 77 64 16 50 71 4 28 15 96 6 23 50 88 87 27 46 59 24 94
int 85 79 17 33 34 80 10 52 29 93 68 89 19 48 44 38 6 98 22 8 52 69 47 90 36 54 13 85 76 71 41 53 28 59 65 2 67 76 36 16 31 63 57 89 15 49 62 62 29 2 87 97 69 16 55 25 24 1 61 90 24 15 54 91 38 66 41 95 81 21 34 18 4 65 7 52 98 45 29 44 98 44 72 78 72 28
bool 85 0 1 1 0 1 0 1 0 0 1 0 1 1 1 1 0 0 1 1 0 1 1 1 0 0 0 0 1 0 0 0 0 1 1 1 1 1 1 1 1 1 0 1 0 0 1 0 1 1 0 1 0 0 1 0 1 1 1 1 0 1 0 0 1 1 0 1 1 0 1 1 0 0 1 1 0 1 0 1 1 0 0 0 1 0
char 86 o f e a g o r k o m p s r f o r i s b s p g n s c a s l m o p c e e i e h d e r n c i p b h i t p d l q s g k m p h n m b t j r g p g q g g k a b m b n k t t l f j o e l t
int 86 91 27 21 20 15 61 90 96 84 25 76 45 73 43 59 22 79 60 7 48 12 94 96 95 36 28 87 27 47 88 6 57 72 90 42 12 88 35 84 8 52 55 8 6 39 57 75 20 87 9 45 83 24 17 33 82 61 96 92 64 99 31 56 93 56 76 61 22 30 56 66 33 33 40 19 38 44 7 22 23 5 19 40 90 76 77
int 87 70 61 38 78 69 20 53 7 40 90 77 68 44 15 41 96 50 6 73 81 67 70 84 49 60 30 83 21 39 51 50 45 78 3 48 33 10 94 6 26 92 90 57 62 7 86 21 8 72 17 66 94 89 21 14 91 12 68 2 47 49 14 42 21 41 76 78 34 2 44 33 27 16 64 11 75 22 49 27 82 49 28 60 34 84 89 62
bool 91 1 0 0 0 1 1 0 0 1 1 1 0 0 1 0 0 0 0 1 0 1 0 0 0 0 1 1 1 1 1 0 0 1 1 1 1 0 1 0 1 1 0 0 0 1 1 1 0 0 1 1 1 1 1 0 0 0 0 0 1 1 1 0 0 1 1 1 0 0 0 1 0 0 0 1 1 0 0 0 1 0 1 0 0 1 1 1 0 1 0 1
char 94 b g h a s d a h g e k c t f a o f e q c f c b i g l g k b c s j n d t h o g c k s e b g h j g f t s e e s m s t j r f c e f b d a g q s a s e q b t j r b r i g a p r a c p p s r t b p l o
bool 95 1 1 1 0 1 0 1 0 0 1 0 0 1 0 0 1 0 1 1 1 1 0 0 1 1 0 1 1 1 1 0 1 0 0 0 0 0 0 1 1 0 1 1 0 1 0 1 0 1 0 0 0 1 1 0 0 1 0 1 0 1 0 1 0 0 1 1 0 1 1 0 1 0 1 1 1 0 0 1 0 1 1 0 0 0 1 1 1 0 1 0 1 0 1 0
char 96 b j s c i r o c t s k f d f j j o h b e k t n e s q h e j j g t c c h o b o i r k i d p h f d t s o d r m h g f e g q o s r l m e n n k q e l n r c k f l m e n n s k o g i o i i i t c l b e l
bool 97 1 0 1 1 0 0 1 1 1 1 0 0 0 0 1 1 1 1 0 1 0 1 0 1 1 0 0 1 1 0 1 1 1 1 0 1 1 1 1 0 1 0 0 0 0 0 1 1 0 1 0 0 0 1 0 0 1 1 0 0 1 1 0 1 1 0 1 0 0 0 0 0 1 0 1 0 1 0 0 1 0 1 1 1 1 0 0 1 1 0 1 0 1 1 1 0 0
double 97 2.48 9.31 8.06 8.7 9.44 8.4 0.48 3.19 6.39 2.11 5.22 2.6 5.22 2.83 4.02 6.91 3.37 7.15 4.4 6.41 6.03 6.36 3.71 6.82 4.37 7.59 5.55 7.85 2.11 3.82 1.11 6.56 4.14 4.9 9.55 8.96 9.62 2.21 0.93 7.9 4.89 4.64 9.49 6.54 9 8.78 7.1 6.8 5.17 7.58 8.79 7.74 4.76 1.63 9.32 2.22 1.23 1.08 2.19 1.42 9.38 4.9 4.61 9.72 2.62 8.37 6.88 1.86 8.35 5.23 5.71 0.66 8.38 2.41 3.71 4.87 2.91 6.5 4.11 5.92 6.13 4.65 6.48 4.81 2.56 6.89 5.8 0.54 8.49 5.22 8.97 5.85 1.92 1.13 0.84 1.98 2.81
double 98 6.02 3.95 8.19 4.28 3.85 6.34 0.02 6.57 7.2 5.97 1.82 2.77 1.25 5.03 0.02 1.91 0.87 5.11 3.06 3.93 7.16 7.66 0.84 6.99 6.62 7.13 4.82 1.53 9.63 2.41 7.8 2.21 8.52 6.28 4.92 3.84 7.39 4.3 1.37 0.88 4.4 0.96 4.7 8.9 4.91 8.99 9.72 6.26 3.33 5.21 9.53 7.88 2.25 7.27 8.82 8.12 5.39 9.76 3.86 6.89 9.87 2.62 4.29 0.49 7.54 3.42 7.46 7.54 9.89 1.05 8.94 6.74 4.34 5.73 3.44 2.89 2.45 8.93 9.29 3.49 7.07 8.03 8.1 7.3 2.51 5.39 8.34 3.35 3.6 0.06 6.7 0.47 9.24 9.8 5.1 1.97 0.88 6.87
double 99 6.15 4.69 8.94 9.08 2.34 2.22 0.6 5.69 6.4 4.6 7.63 9.93 5.44 3.04 9.4 5.95 0.05 0.97 9.84 6.42 0.62 5.53 2.53 4.04 5.11 4.38 2.77 1.3 0.27 6.93 6.39 9.25 5.62 8.23 0.83 3.03 6.3 3.07 3.73 7.53 5.95 8.6 8.7 1.35 6.06 8.11 9.04 5.59 0.39 6.12 6.07 9.41 9.6 8.9 8.13 4.33 0.69 1.73 2.77 2.18 9.22 6.34 3.19 8.42 6.21 4.01 2.33 5.68 6.68 5.49 5.99 2.18 7.41 1.28 1.1 6.14 6.37 6.32 0.46 1.92 2.94 2.67 4.6 8.62 8.18 7.08 9.67 9.85 3.03 4.11 2.66 9.88 9.93 7.2 4.71 9.9 6.96 9.49 4.43
int 100 54 87 91 34 32 64 15 43 94 91 85 72 38 86 89 45 90 94 3 92 32 53 95 72 90 14 91 20 97 27 58 41 66 59 15 76 82 26 93 34 80 70 38 4 60 50 32 15 45 95 22 36 67 78 72 96 98 40 92 83 77 59 8 26 16 51 71 10 58 27 97 4 52 60 11 4 24 88 34 49 83 38 97 21 7 8 17 20 55 16 88 57 71 7 37 43 97 5 62 26
char 101 b i a q c p b j r i h a p e e o h k j e d h c n n m l h j k c n c e e f i s f c m s e c q t q l f t p m q b s i a o e c m r t f e p t e n t c i l f e s s k l a f p n o t l s r s b c m a j n n m o g k g
int 102 97 14 64 48 62 29 23 47 4 25 63 94 62 12 73 94 92 94 61 31 88 81 31 13 67 19 86 67 68 99 26 79 33 56 1 78 66 16 36 25 16 59 67 23 10 32 54 36 51 72 17 62 38 32 82 76 94 30 75 72 72 44 87 40 87 2 30 37 99 93 78 1 13 95 46 33 60 78 58 12 14 21 83 77 16 22 50 62 99 28 18 62 65 7 71 67 45 91 51 1 91 93
double 103 8.97 1.08 9.91 5.84 9.38 1.03 1.23 5.78 7.87 0.5 4.45 1.43 9.04 5.53 0.25 8.74 7.98 5.28 3.9 7.58 5.6 7.87 4.48 6.47 2.15 2.84 6.18 9.79 9.06 2.99 6.29 4.57 9.08 2.89 0.5 2.18 3.18 4.95 9.28 1.1 7.85 9.39 3.7 2.12 5.29 5.89 9.37 6.77 7.27 2.11 4.24 8.08 5.07 4.79 9.25 7.04 7.49 2.97 3.98 7.64 4.55 5.43 0.47 5.55 3.03 6.5 3.82 6.21 8.22 8.58 1.03 3.86 0.03 4.39 4.74 3.63 8.98 5.86 1.47 6.54 5.53 2.6 6.97 3.98 6.48 4.16 6.28 4.89 5.21 1.57 1.77 0.25 6.07 6.07 4.59 8.29 4.7 2.55 9.23 9.48 8.64 3.41 1.97
bool 103 0 1 1 0 1 1 1 0 0 1 1 0 0 0 0 0 0 0 0 1 0 1 1 0 1 1 1 0 0 0 0 0 1 1 1 0 0 0 0 0 0 1 0 1 0 1 0 0 0 1 1 1 0 1 0 1 0 0 1 0 1 1 1 1 0 1 1 0 0 0 1 1 0 0 0 1 1 0 0 0 1 0 1 1 0 1 0 0 1 0 1 1 0 1 1 0 1 1 1 0 0 0 1
int 104 51 31 54 83 23 56 10 81 90 76 69 45 62 50 82 29 59 31 85 72 6 44 12 6 57 53 52 31 85 35 46 51 67 3 83 76 41 24 41 92 40 45 77 14 95 69 54 76 6 22 41 64 76 18 5 18 44 36 15 78 4 96 14 38 8 2 85 30 40 13 79 20 70 35 43 6 65 69 20 68 26 92 36 95 54 92 48 53 51 7 77 99 2 15 28 46 35 13 23 73 99 99 26 48
double 105 6.68 6.32 8.29 9.08 1.52 8.61 8.17 5.86 4.85 0.55 2.27 3.22 2.58 6.27 5.44 8.87 3.42 3.91 6.46 7.27 8.6 3.13 1.1 2.11 3.47 9.74 9.04 8.16 1.69 3.78 1.38 3.88 5.36 0.75 5.35 6.1 0.04 9.29 1.77 3.41 5.45 6.26 8.42 6.41 2.11 5.28 7.32 4.68 8.64 8.77 1.04 4.29 9.83 4.63 8.59 0.1 0.77 6.55 6.99 0.57 1.62 7.11 8.87 0.13 0.84 9.01 2.29 9.87 6.73 6.92 4.12 6.08 7.98 3.78 0.15 1.04 7.45 6.64 4.68 4.84 4.21 3.56 5.49 0.91 6.18 4.34 1.98 9.05 5.74 1.95 0.31 5.54 0.16 5.54 5.18 2.08 5.5 2.39 0.8 0.77 8.09 7.9 8.28 6.3 1.65
char 106 j c i h o b r s a i q s e p j o e j t a n p g i c q g a f a t a g d r s p g d a h t k k a e e n j k s i o j m o a m n o j h t d b e t f l k b e j o l e o r m j r t f c s k p d p s i p j l j i h a a g h i n c r d
char 106 i h j f q r r c s p k e m f b r l q k n d r n g k p d m k s a e m a q c q k r o q t f h j r q n d q j j h j p o d q m e c d s c e g h s o n k t i t m n e f d h q a d p c l b j b a k o r h i g c d d l f b e i r s
int 108 49 47 41 92 77 35 68 2 3 20 98 72 22 89 87 95 80 61 66 32 89 6 23 1 14 81 68 34 62 4 38 17 60 14 40 87 49 71 42 67 41 60 96 33 98 57 16 4 10 61 88 31 91 41 64 39 72 19 89 86 28 1 53 97 63 44 72 15 5 43 67 94 25 46 7 22 47 69 20 55 5 34 83 40 85 31 68 18 40 88 30 7 59 11 17 35 17 18 42 35 69 29 99 73 21 44 70 43
double 108 0.57 4.95 4.17 6.82 6.83 7.23 0.93 0.78 7.75 7.59 7.62 3.4 0.44 3.86 0.39 1.73 4.24 7.88 1.37 5.83 6.81 9.61 0.94 8.99 7.18 5.32 9.69 1.11 2.15 0.66 5.94 4.18 9.06 8.2 6.11 8.46 5 2.36 0.02 7.98 0.71 2.85 8.09 0.77 3.59 4.12 7.56 9.24 4.93 8.55 7.02 9.38 8.19 8.16 1.85 4.29 9.36 7.44 1.6 0.79 6.15 1.39 9.3 3.32 2.61 1.95 8.4 2.54 6.43 1.8 3.46 0.15 6.42 8.43 3.35 6.92 9.42 7.69 9.72 8.01 4.98 4.57 7.23 9.1 4.18 3.45 8.62 8.07 6.48 6.89 0.17 0.42 7.43 4.88 5.71 2.58 0.75 1.73 1.86 8.25 5.18 6.31 8.81 1.98 8.34 0.36 1.3 5.61
