int 11 preorder 877 508 919 191 411 302 568 259 124 528 232
int 12 postorder 732 466 640 720 770 854 9 727 391 354 541 404
int 12 inorder 710 823 667 208 860 123 241 368 812 413 4 868
int 12 inorder 541 370 802 217 857 210 143 973 543 816 34 406
int 13 postorder 123 718 419 804 63 449 15 392 11 659 698 198 989
int 13 preorder 464 355 213 466 526 284 744 793 438 371 530 138 500
int 14 preorder 869 980 626 486 205 792 617 604 844 161 351 613 444 448
int 16 postorder 304 392 633 564 712 195 420 344 575 809 33 244 77 69 856 799
int 16 preorder 43 231 753 118 619 406 505 415 98 794 970 145 570 990 115 512
int 17 preorder 474 62 763 801 919 497 538 130 721 835 553 539 920 488 394 997 126
int 19 postorder 707 35 948 533 909 780 463 775 699 634 59 163 399 488 669 176 193 420 950
int 19 inorder 980 928 984 142 792 741 169 557 299 59 817 727 184 28 666 431 353 362 368
int 20 inorder 878 622 354 22 693 355 851 99 642 17 119 558 765 856 846 546 446 58 775 399
int 25 preorder 106 136 291 719 468 531 734 205 344 320 740 467 884 847 897 91 218 783 908 337 342 36 922 947 665
int 26 postorder 860 380 57 338 608 81 538 267 769 162 742 989 828 408 136 587 657 988 882 27 406 979 609 168 142 60
int 27 postorder 169 571 739 74 7 381 540 378 541 208 710 628 191 72 533 898 966 341 253 889 412 773 636 212 674 297 446
int 27 preorder 436 22 171 379 420 225 687 277 617 567 416 977 216 932 841 791 239 421 823 759 182 403 706 988 293 997 748
int 28 postorder 710 856 250 20 788 317 784 338 902 331 246 619 104 472 497 15 811 79 152 56 293 631 754 229 570 599 783 491
int 30 preorder 320 57 621 762 478 388 542 408 401 190 552 422 380 775 469 665 134 199 126 458 907 177 409 489 450 315 671 291 194 783
int 32 inorder 834 395 905 206 430 11 197 868 864 776 875 85 799 110 217 606 584 253 867 858 493 428 97 771 200 539 153 615 292 832 571 287
int 36 preorder 377 571 967 695 570 502 215 664 994 520 289 214 356 855 3 579 572 636 689 843 930 416 212 213 553 920 114 441 176 806 85 560 739 958 656 59
int 37 preorder 818 432 16 13 809 242 978 639 668 521 624 820 353 733 239 694 544 574 146 414 210 128 474 418 767 264 703 984 816 340 463 438 417 686 373 527 127
int 37 inorder 168 851 229 697 362 832 638 456 313 441 458 368 409 826 662 844 729 135 48 758 448 496 802 666 971 620 582 787 928 83 391 711 724 348 960 554 592
int 38 postorder 429 627 295 165 497 822 320 766 569 299 599 292 551 250 618 332 88 172 191 635 652 581 259 846 630 245 860 513 163 573 857 17 904 459 691 542 335 135
int 38 preorder 858 244 323 225 260 815 345 674 790 25 646 899 735 43 774 635 587 912 551 415 393 766 761 348 495 577 75 37 732 71 174 573 581 737 396 316 793 969
int 39 preorder 488 64 621 870 408 215 469 855 357 738 931 848 921 352 19 713 665 179 112 640 182 308 490 146 838 758 379 991 83 164 609 897 231 63 508 888 887 174 392
double 40 inorder 6.32 2.36 7.6 3.48 3.91 7.49 6.56 5.66 6.1 8.07 0.82 3.16 2.19 1.65 7.66 9.39 8.97 0.48 6.46 3.58 2.9 3.22 6.67 6.36 9.52 9.55 0.77 7.88 4 8.39 3.86 7.09 4.82 6.77 6.12 2.03 0.02 9.16 8.95 8.2
double 40 inorder 8.38 4.48 2.39 1.55 2.78 7.68 2.2 4.8 7.65 9.94 1.75 7.09 9.98 2.77 3.77 1.88 5.68 8.57 0.67 0.92 7.05 0.56 0.47 3.76 8.46 0.04 8.26 9.99 6.86 1.18 3.52 8.3 1.3 8.36 5.07 4.35 2.07 4.62 0.36 0.88
int 43 preorder 410 544 868 399 84 137 716 333 504 164 756 746 989 186 226 130 323 906 153 704 145 980 233 598 897 505 209 839 144 595 640 665 234 855 695 794 566 580 680 35 538 81 653
int 43 preorder 814 832 754 193 354 949 382 730 298 560 102 937 244 645 717 359 624 818 291 906 639 479 340 672 557 109 471 898 568 772 91 33 846 261 489 687 39 273 239 217 587 961 461
double 44 preorder 5.96 3.53 8.14 4.63 5.73 1.75 0.09 9.04 3.11 6.01 3.73 1.84 4.6 5.44 4.64 5.2 9.09 5.87 5.4 7.56 1.4 4.06 0.46 0.79 3.4 5.26 4.71 0.04 4.93 1.78 6.63 0.24 0.22 6.08 6.19 2.17 8.86 7.24 5.04 5.08 8.96 8.05 1.25 5.62
int 44 inorder 200 929 469 710 539 588 78 600 670 507 586 831 996 279 226 657 788 921 473 738 968 556 581 680 832 9 964 451 745 952 984 103 144 989 703 554 350 809 611 530 950 257 909 699
double 45 postorder 2.9 5.18 0.1 8.99 2.7 6.21 2.94 3.54 5.22 8.44 7.02 4.33 9.55 8.6 7.82 2.49 3.09 8.09 3.2 8.26 4.99 6.41 9.14 1.96 7.2 3.06 9.94 4.13 9.53 6.96 0.92 7.79 7.62 7.84 0.65 4.23 6.1 5.92 7.9 8.02 9.18 3.62 2.34 5.28 2.91
double 45 preorder 5.93 8.39 5.73 0.18 5.85 2.47 2.2 2.5 7.14 5.95 1.54 4.87 7.3 2.69 2.86 4.14 2.89 5.35 5.44 7.17 1.92 0.72 4.09 6.82 5.1 5.62 3.24 2.09 1.66 7.09 6.94 3.17 8.2 2.22 9.66 1.02 4.8 1.7 7.38 2.53 5.56 1.85 4.75 8.95 0.93
double 47 postorder 8.25 9.39 9.25 2.79 1.09 4.22 5.11 6.12 5.85 1.49 7.05 0.86 9.5 6.18 5.03 2.72 2.57 8.69 6.35 5.4 7.55 7.24 0.77 1.35 2.16 0.07 9.92 8.59 9.35 9.32 7.71 2.28 6.99 0.56 7.51 5.07 2.21 8.73 1.37 6.22 6.95 3.99 4.3 1.54 2.97 7 9.41
int 47 inorder 125 839 166 462 255 603 725 31 635 724 954 821 381 783 628 867 39 666 137 667 579 608 747 42 781 317 65 874 424 44 731 930 393 582 902 276 528 30 120 912 555 55 933 93 62 844 100
double 47 preorder 9.23 8.52 9.64 9.45 9.66 8.59 5.51 7.62 0.93 1.28 9.25 2.62 0.81 7.86 7.35 9.04 5.47 2.13 3.23 7.96 8.77 8.25 3.82 3.21 7.21 9.42 4.98 5.49 6.73 3.63 1.93 6.01 4.51 6.35 4.15 5.29 6.72 6.38 4.69 5.83 8.64 6.13 4.33 1.82 7.93 8.21 8.58
double 48 preorder 2.93 7.21 6.83 7.16 0.34 7.18 9.88 3.27 8.21 3.19 1.12 7.41 3.03 3.87 4.57 1.13 3.08 9.1 8.54 2.12 5.81 9.9 6.84 7.81 5.28 5.5 6.91 3.77 4.4 8.11 6.28 6.94 3.84 6.33 9.22 6.69 0.19 0.9 0.13 8.52 9.41 0.17 9.63 2.94 6.48 6.38 6.51 6.2
int 49 postorder 887 923 790 202 814 467 951 394 122 362 507 182 163 522 132 147 372 980 506 791 282 935 867 933 463 687 174 327 396 632 848 649 627 760 84 842 566 579 411 762 264 288 487 469 593 963 464 596 229
int 50 postorder 456 413 631 11 603 440 766 113 914 348 627 468 537 73 384 593 546 937 462 349 866 681 154 868 881 368 891 667 80 207 913 759 186 400 214 738 883 918 872 68 490 175 839 158 210 418 338 933 774 836
int 51 inorder 967 645 339 548 832 42 567 917 421 336 266 160 759 187 432 700 33 403 256 134 491 948 713 563 88 380 199 285 926 814 990 445 356 413 217 172 409 770 982 717 394 560 224 876 270 751 755 553 772 941 25
double 52 postorder 7.63 2.28 7.6 9.52 7.12 5.81 9.01 7.9 1.98 6.35 5.17 8.14 0.92 5 1.17 5.35 1.38 8.34 6.31 1.55 0.95 3.28 5.11 5.79 2.34 5.37 1.03 8.01 4.31 5.8 2.78 9.71 1.26 6.09 1.1 7.72 0.05 9.94 7.95 3.39 7.77 8.18 6.47 5.51 3 1.4 1.21 2.29 2.51 1.32 2.43 4.73
int 53 preorder 369 551 389 831 504 612 107 43 959 921 941 517 862 118 519 641 620 672 913 84 644 76 662 958 283 648 970 633 961 513 787 987 331 689 63 13 693 301 640 417 177 674 122 875 968 591 280 772 82 865 734 573 700
double 54 inorder 8.37 4.29 9.65 9.12 1.61 4 1.66 0.73 7.59 3.39 4.08 7.74 8.15 6.5 6.27 0.6 9.02 2.35 8.4 4.34 2.14 7.58 0.98 9.14 1.2 2.49 7.45 9.2 2.28 7.69 7.23 8.44 0.23 2.83 5.59 1.57 2.44 1.84 2.72 9.58 3.87 0.95 2.21 7.7 5.34 2.69 0.15 3.26 0.32 7.6 8.46 3.29 7.06 4.02
double 55 inorder 4.48 7.6 9.66 0.44 5.64 2.87 1.81 6.26 9.9 8.37 0.25 6.38 5.28 9.92 9.51 8.08 0.95 8.79 8.33 6.01 2.77 4.36 7.51 0.9 0.49 3.93 3.73 3.52 5.8 5.73 9.14 0.32 6.22 8.32 4.19 7.06 8.3 9.08 3.69 8.82 4.37 4.06 1.45 5.1 1.51 2.29 1.16 4.24 7.27 6.18 4.46 0.65 7.76 6.73 8.97
double 57 postorder 0.65 9.29 7.62 4.52 2.22 9.11 9.47 6.16 9.55 2.7 1.87 7.16 1.9 3.86 1.76 9.12 5.71 4.66 6.49 0.99 9.62 9.68 0.96 3.53 4.06 4.92 4.14 1.54 7.45 8.76 8.93 0.1 7.78 6.18 2.12 2.15 5.41 8.14 9.17 9.44 1.55 6.61 6.84 9.67 1.04 9.77 6.55 7.46 1.17 5.86 5.37 7.17 9.9 0.73 1.95 7.38 0.2
int 59 postorder 344 167 577 199 320 981 895 777 964 3 563 883 691 177 126 670 87 221 576 373 830 707 788 521 621 299 581 219 369 732 680 968 393 527 275 935 592 696 584 455 179 648 947 949 976 824 439 333 759 78 877 752 8 462 365 808 229 240 323
int 59 postorder 96 542 863 47 475 429 672 907 744 193 314 176 416 113 328 791 604 73 236 590 810 877 676 512 628 767 320 31 828 976 568 731 488 817 947 271 776 677 378 335 890 291 157 57 467 870 195 362 150 280 432 992 946 401 765 517 329 231 254
double 61 preorder 4.47 4.91 3.76 9.58 9.76 1.73 3.27 1.61 9.37 8.7 1.59 5.24 3.66 7.04 9.23 0.19 0.29 5.87 9.42 4.57 7.59 1.86 6.9 5.05 6.16 0.35 2.95 6.87 4.99 7.74 6.84 5.68 0.97 1.35 5.62 4.56 1.87 5.93 8.5 8.41 0.1 3.85 7.24 2.88 9.62 8.42 2.63 0.56 1.97 0.92 8.48 0.88 4.05 2.37 3.13 6.03 7.41 7.86 6.52 0.16 4.82
int 62 inorder 61 800 818 582 18 322 820 143 973 635 229 32 662 583 842 478 375 126 428 868 697 511 869 168 183 350 199 487 981 564 72 370 711 37 930 84 484 746 281 811 497 708 926 850 270 379 167 67 855 448 341 152 538 950 430 601 985 200 793 821 737 267
double 63 inorder 3.79 5.75 3.81 9.12 5.69 1.48 5.2 2.53 8.34 4.26 8.56 0.99 9.92 5.86 5.25 3.74 1.46 8.44 6.91 6.03 5.59 4.54 4.95 5.33 9.38 5.83 9.83 9.89 2.1 9.22 6.15 0.3 7.02 0.31 5.55 5.73 3.82 0.37 6.52 9.69 3.65 4.21 5.17 9.77 9.74 9.06 7.76 9.82 7.37 0.39 7.83 6.1 4.13 4.56 3.54 4.19 1.51 1.81 3.21 1.05 2.75 3.49 8.5
double 64 preorder 3.03 8.6 3.19 6.46 5.92 1.04 4.66 2.86 5.24 1.06 5.29 9.69 5.4 4.39 8.08 9.48 8.58 0.52 9.66 0.39 0.74 0.93 5.77 0.58 6.94 6.24 9.95 1.93 6.32 6.2 9.57 9.07 8.32 3.43 9.97 3.07 6.68 4.67 1.17 8.5 3.92 8.31 1.82 0.91 8.44 5.46 3.95 1.52 5.96 4.64 9.12 3.94 6.84 2.57 5.58 7.43 9.59 5.8 4.93 4.44 6.95 2.63 5.98 5.33
double 65 preorder 9.51 2.97 8.91 5.31 0.96 2.29 9.91 9.96 5.23 5.73 1.48 8.19 3.35 4.01 3.44 3.65 3.13 3.23 4.22 8.77 6.28 4.53 2.89 4.96 8.33 9.68 3.19 1.6 7.32 4 0.02 8.59 6.11 8.13 9.09 2 7.33 7.91 7.21 4.12 5.24 8.37 4.77 5.05 3.36 1.77 8.47 8.74 1.7 2.43 1.94 2.79 1.98 9.59 4.74 7.02 7.51 4.36 5.47 9.57 0.09 3.9 7.39 9.1 6.88
double 65 postorder 6.07 1.93 7.9 6.42 5.25 3.39 3.61 7.66 2.57 4.82 7.41 0.68 9.59 6.36 8.05 1.24 2.19 9.77 4.38 1.72 2.39 4.05 9 1.54 8.1 2.27 9.67 7.44 2.17 1.45 0.89 2.66 4.87 9.95 0.57 3.21 7.91 3.45 5.36 2.98 7.52 3.79 4.51 3.47 0.62 4.85 2.5 8.42 7.03 0.11 6.54 5.45 9.03 7.53 4.83 0.63 1.36 0.9 5.5 3.78 1.03 2.65 2.13 6.31 9.31
double 66 inorder 3.89 9.61 0.23 3.75 8.54 9.82 8.14 1.74 9.74 6.31 5.82 2.45 3.08 8.77 7.21 2.38 0.48 5.35 8.91 0.19 0.33 6.62 8.81 3.46 9.22 6.03 3.98 9.54 3.03 6.05 6.58 3.04 4.71 9.42 4.28 3.01 3.93 0.46 2.84 4.66 8.4 7.89 5.1 8.7 6.59 9.93 9.64 0.6 0.07 3.1 3.05 3.42 0.29 0.92 5.75 4.73 2.02 8.79 0.25 1.57 7.07 2.49 8.57 5.81 7.34 4.41
int 66 postorder 331 483 148 908 882 403 170 889 20 413 5 794 825 238 353 615 995 58 934 688 567 487 361 690 711 62 1 160 395 534 259 993 612 497 17 751 384 820 635 556 958 623 350 196 664 347 506 542 336 6 178 18 421 496 720 682 183 541 526 379 424 717 575 19 521 973
double 67 postorder 2.44 6.79 4.62 0.86 5.95 8.12 4.26 8.37 5.78 9.64 2.18 4.7 7.37 8.44 4.08 9.05 0.91 8.62 7.57 9.15 6.66 7.78 1.94 1.13 0.23 5.68 7.28 4.07 7.43 5.23 2.47 2 0.17 8.7 4.13 7 1.73 6.91 3.79 1.03 1.99 5.51 1.97 1.66 2.01 7.25 5.45 4.84 0.41 7.1 2.5 6.42 7.83 4.96 0.93 7.61 6.18 6.7 3.18 8.27 9.2 2.43 4.67 2.77 6.08 7.54 1.47
double 68 postorder 4.28 0.2 0.84 4.76 6.28 1.29 8.99 2.75 8.07 5.55 2.08 5.5 6.21 2.53 6.37 7.84 3.74 9.02 5.8 7.24 3.19 1.08 4.47 2.35 7.3 2.99 6.25 0.47 3.16 5.81 9.07 0.36 6.35 5.16 4.66 6.04 2.41 8.86 8.91 8.83 8.28 3.91 4.01 8.08 6.81 3.37 1.02 5.6 6.36 1.62 5.66 1.2 4.49 3.73 0.73 0.64 8.33 4.41 0.27 3.62 0.68 5.63 1.03 0.61 0.46 6.12 3.09 5.29
int 68 preorder 987 53 180 488 918 777 126 148 102 975 648 920 172 551 838 79 69 378 866 803 937 364 790 952 531 22 863 405 540 951 699 407 614 367 743 623 837 332 87 213 291 516 701 354 607 49 617 741 886 431 37 284 306 554 666 490 793 533 231 763 677 397 829 2 884 870 195 51
int 69 preorder 448 568 449 356 42 851 720 52 781 859 473 844 34 632 960 554 54 80 511 347 526 837 390 360 139 103 106 31 105 816 371 577 361 350 986 58 319 186 458 521 638 472 778 770 342 358 516 464 47 505 623 925 354 589 754 232 705 640 495 646 643 821 263 159 596 618 591 422 440
int 70 inorder 651 286 789 254 554 406 370 902 263 632 603 68 567 618 654 309 116 814 119 784 59 709 204 376 61 392 832 40 270 790 72 499 74 44 760 86 727 118 212 810 585 715 785 100 437 382 812 414 229 907 532 482 798 304 701 323 453 993 7 514 662 793 490 557 996 604 850 367 29 622
int 70 preorder 939 543 33 419 458 83 900 945 784 379 997 715 795 326 226 608 24 596 417 550 896 772 838 659 981 400 372 209 131 950 345 232 927 296 56 431 185 43 279 192 181 286 602 727 976 723 827 116 177 482 726 434 987 665 579 360 359 397 708 714 669 683 755 576 343 87 121 573 62 888
int 71 postorder 465 315 257 52 877 377 665 540 457 633 342 286 25 499 330 485 660 890 853 891 775 303 364 413 772 37 246 192 248 837 23 830 547 746 203 952 250 464 536 140 190 337 768 908 942 161 141 189 406 752 370 169 349 130 85 986 954 682 380 943 430 823 863 90 991 855 806 267 563 83 291
int 72 postorder 958 107 417 412 429 633 692 393 562 398 936 667 263 546 459 227 416 617 845 302 670 915 463 622 221 267 766 745 134 666 131 446 956 86 764 149 806 111 602 247 45 798 2 842 530 57 629 631 588 271 835 737 301 955 746 56 846 374 680 287 225 249 483 844 771 649 482 887 253 642 127 452
double 73 preorder 6.91 3.1 5.78 9.87 3.76 4.79 9.17 9.55 2.81 2.58 7.78 2.75 8.58 4.05 5.49 2.03 7.41 1.24 7.5 7.52 0.09 2.84 5.79 0.17 9.01 9.78 5.2 4.39 5.14 5.41 6.33 3.82 5.76 8.57 8.01 1.57 8.27 3.6 7.79 7.07 7.21 0.04 5.56 3.77 1.68 2.99 0.68 9.14 7.14 2.43 1.1 2.52 5.99 6.54 3.96 2.83 1.06 1.41 5.37 6.03 0.98 6.66 1.88 0.76 8.32 2.67 9.06 3.91 4.01 9.64 8.52 6.65 8.79
double 74 inorder 4.3 9.33 8.34 7.24 9.63 7.42 2.02 2.73 9.8 1.5 5.32 1.39 7.11 8.35 6.91 2.1 2.52 0.96 6.58 7.28 5.91 5.02 7.01 1.68 5.77 9.28 4.74 0.13 8.71 6.41 7.02 9.95 1.01 9.79 2.29 5.35 7.38 8.47 2.23 5.56 3.39 3.31 4.1 2.47 2.45 1.81 3.85 0.41 8.07 4.28 5.04 6.35 3.74 8.64 4.77 6.7 1.08 0.6 7.69 3.72 8.76 7.61 8.11 4.35 9.6 4.6 3.79 8.32 8.62 2.67 4.59 0.3 1.18 9.07
double 75 inorder 9.69 9.17 5.46 8.5 0.2 1.8 9.93 1.43 1.93 3.6 9.63 1.2 5.39 4.31 1.31 5.14 9.1 1.7 2.66 5.23 4.21 5.58 1.23 9.45 5.99 9.02 4.71 2.84 9.96 8.36 7.27 9.76 7.52 6.21 3.81 7.9 6.95 9.87 8.33 6.81 0.06 2.9 6.75 8.62 9.71 8.68 7.01 5.81 6.41 4.44 5.85 4.13 0.02 1.42 1.62 8.53 2.44 5.24 3.12 9.3 2.58 1.6 1.71 1.05 0.31 0.09 7.32 1.52 2.5 9.16 1.47 8.37 5.51 8.41 6.25
double 75 inorder 5.87 4.24 0.81 6.46 6.94 9.01 8.71 4.35 2.23 5.82 5.27 2.18 7.81 2.22 4.45 7.54 0.51 7.91 0.83 9.36 7.48 3.54 6.5 5.5 9.52 3.05 8.72 2.89 7.03 9.1 7.68 7.06 9.51 6.37 3.07 9.79 8.63 8.32 7.47 8.17 2.12 8.68 2 1.89 6.74 9.21 1.17 1.72 9.44 9.9 7.29 8.9 5.09 9.55 7.12 7.16 8.52 1.48 3.44 2.04 8.21 9.83 7.96 7.86 5.19 1.27 5.02 3.59 7.4 4.92 8.59 3 2.77 6 2.8
double 76 postorder 8.27 0.47 2.71 9.01 5.17 1.69 4.63 7.03 7.96 2.77 2.19 8.09 8.79 3.7 5.77 5.54 8.88 2.31 8.93 8.51 1.07 5.44 7.25 2.33 2.14 9.34 5.34 4.44 1.65 6.13 1.37 9.21 3.74 2.06 7.4 2.81 6.19 1.9 4.4 5.26 7.92 8.2 0.39 8.5 3.2 0.64 6.62 1.43 5.96 9.3 7.08 8.91 2.57 3.02 5.21 0.44 9.92 4.74 1.97 6.73 0.78 0.31 8.01 5.84 4.1 5.15 9.58 7.27 1.27 9.5 5.43 4.11 9.48 0.67 5.46 5.2
int 76 inorder 759 400 730 945 564 309 826 861 99 340 944 398 168 854 160 582 485 791 896 849 138 842 628 47 700 930 286 887 637 972 357 25 871 757 824 994 646 983 216 4 237 219 464 981 167 605 539 667 969 472 970 739 365 189 372 521 119 57 247 901 672 222 949 260 448 651 693 892 781 133 535 106 141 770 130 516
double 77 postorder 7.44 5.14 3.64 3.77 2.4 3.24 5.5 4.01 4.89 7.2 8.43 4.99 6.64 1.66 2.44 6.07 9.51 1.92 0.66 1.19 3.11 1.43 8.85 7.57 5.46 9.8 3.04 7.08 7 0.2 1.4 6.01 7.54 1.88 0.39 8.55 9.19 6.13 2.25 4.8 6.78 4.6 4.47 5.01 5.67 7.21 6.04 1.02 4.33 5.73 1.03 4.35 8.61 8.46 8.74 5.81 4.32 2.59 2.53 6.8 1.01 7.15 2.41 1.82 8.04 3.3 0.25 7.04 0.76 4.78 8.08 5.61 5.08 5.75 7.66 5.31 2.63
double 80 inorder 7.08 0.77 2.79 2.82 8.3 4 4.94 1.25 9.81 7.62 6.41 6.79 2.47 5.42 2.66 4.07 2.16 4.89 5.72 9.46 4.51 9.71 8.69 8.84 5.58 6.74 5.25 2.39 8.59 2.76 6.91 7.05 3.07 8.15 4.03 9.43 5.41 7.36 7.35 2.2 0.37 2.17 9.64 8.01 9.31 4.43 0.46 3.18 5.17 6.75 6.16 4.09 2.9 5.23 0.72 0.38 7.49 7.32 1.82 1.26 1.02 6.81 3.54 2.12 8.58 6 1.2 5.95 5.48 2.02 8.62 7.72 3.02 8.41 1.72 8.48 4.52 9.33 0.9 8.61
int 81 preorder 965 41 285 311 403 271 484 117 936 938 177 51 561 83 691 592 535 943 331 858 302 448 552 765 816 493 418 846 94 419 624 277 690 478 517 806 447 543 579 149 657 747 407 441 801 488 740 485 308 346 262 426 170 703 49 31 916 463 73 367 91 283 235 47 515 109 787 40 351 476 412 85 909 284 501 698 777 187 211 200 265
int 81 postorder 104 956 285 692 900 320 691 360 402 344 189 980 981 561 969 192 648 414 763 726 299 310 741 493 57 471 991 326 547 606 859 296 59 390 737 536 667 388 267 74 340 978 503 177 279 920 890 937 545 56 99 449 857 367 976 324 200 953 116 379 172 674 109 315 430 543 350 993 800 689 594 878 36 582 736 779 407 128 474 307 780
double 82 postorder 6.81 4.67 9.19 0.89 8.01 6.01 0.26 1.3 1.36 0.92 4.16 3.42 7.25 6.43 3.74 1.52 1.61 0.11 7.86 0.9 1.08 1.58 1.32 2.73 0.74 5.32 1.83 8.69 1.66 8.44 2.44 9.56 5.62 3.02 1.98 7.73 6.49 3.77 3 4.55 7.62 8.15 4.98 6.62 0.2 7.01 4.35 4.83 8.3 4.22 2.6 8.22 6 0.31 4.86 2.16 6.85 9.85 8.72 0.44 5.93 7.55 1.59 0.64 2.07 1.97 5.53 1.24 4.18 1.34 0.75 7.88 4.13 3.59 7.57 2.62 7.37 2.84 4.8 6.44 9.74 2.51
double 82 postorder 1.15 2.46 6.14 6.83 9.45 1.22 6.91 6.89 8.1 5.48 1.89 9.27 2.2 7.87 7.82 1.33 8.55 1.26 6.82 5.61 8.78 5.92 9.93 1.74 2.14 7.74 6.97 0.24 9.71 7.14 4.18 0.78 8.31 2.59 7.99 6.58 5.89 2.27 3.26 4.61 4.96 0.09 7.55 9.62 7.66 6.85 0.59 0.23 8.86 5.69 8.53 8.06 4.93 2.52 2.4 6.07 6.92 5.22 4.57 1.5 7.7 2.29 8.7 8.29 0.99 6.25 9.51 6.36 8.34 8.68 9.76 5.91 8.77 1.85 9.61 0.73 6.46 1.35 4.79 7.13 4.86 2.3
double 85 postorder 3.89 3.72 8.78 2.63 1.67 5.14 8.92 1.97 3.6 9.13 4.53 9.8 6.55 6.85 3.21 5.42 7.82 2.6 5.4 6.5 3.7 6.91 5.22 7.99 8.99 0.47 2.37 1.44 4.05 4.79 9.76 7.78 7.79 3.86 3.48 3.25 8.58 8.31 9.36 6.03 0.53 1.31 8.56 3.98 2.35 4.1 2.13 1.17 4.35 6.78 4.48 3.74 4.15 8.98 9.52 9.83 6.45 8.43 6.73 8.35 3.22 6.33 1.33 5.69 0.15 5.11 1.99 0.85 4.93 0.27 1.4 6.26 3.51 7.87 5.08 0.59 1.48 4.58 9.58 2.32 5.02 5.32 8.69 8.94 2.57
double 86 inorder 5.68 7.04 8.36 1.17 2.19 3.89 1.9 9.98 6.96 2.2 8.6 7.38 0.5 7.79 5.1 7.27 0.44 3.9 6.17 5.19 0.83 5.78 6.03 1.22 5.64 5.57 6.2 4.3 7.17 4.44 8.59 5.23 5.25 5.34 6.79 7.64 2.89 3.85 1.71 4.45 7.93 6.04 7.42 9.18 0.73 5.54 3.99 8.57 3.25 2.18 0.3 2.28 2.4 7.02 4.64 1.81 2.41 0.91 2.54 8.12 3.17 6.37 5.18 1.31 7.72 2.05 5.87 4.52 8.82 7.95 3.62 7.6 2.69 6.41 5.53 7.81 7.84 1.45 1.97 7.8 5.84 8.1 2.45 0.54 5.76 4.62
double 91 preorder 7.89 6.48 6.41 4.76 7.15 7.68 7.9 0.04 2.5 9.7 1.13 9.11 4.06 9.15 0.74 8.61 9.55 0.91 9.59 7.27 0.64 9.67 4.4 5.65 4.32 5.24 4.94 2.87 8.65 2.11 4.2 2.45 1.06 3.34 1.53 5.68 8.27 6.25 8.64 3.03 9.17 0.53 3.56 9.23 7.96 6.85 5.44 8.84 6.38 3.68 3.53 5.64 3.5 0.61 5.76 1.58 1.12 0.59 4.95 2.34 1.35 3.55 6.89 4.37 7.12 4.24 9.07 4.75 4.46 2.57 2.92 6.55 8.48 2.61 2.62 6.92 1.21 1.97 5.21 5.02 3.46 8.39 0.76 0.13 0.63 2.13 4.49 7.8 7.21 9.32 9.3
double 92 postorder 7.26 8.08 6.11 5.08 1.75 4.87 9.78 1.69 5.71 8.52 4.13 2.65 3.67 1.48 0.18 5.12 3.8 1.92 2.43 8.63 9.16 7.18 5.51 2.06 0.99 9.32 0.13 7.61 2.13 0.72 0.17 7.86 1.73 6.33 1.3 8.46 4.75 0.4 0.24 5.32 2.16 6.82 0.51 1.36 2.56 6.39 0.66 3.57 2.71 1.17 4.08 3.22 3.95 5.4 7.32 4.45 8.75 1.14 2.1 3.56 8.14 2.21 9.86 5.7 8.94 5.62 5.44 8.22 8.65 1.23 1.62 2.29 2.89 5.25 2.35 6.25 7.91 5.45 5.68 1.6 0.6 6.08 6.14 0.62 7.01 4.78 4.84 5.9 4.04 7.97 8.84 1.95
double 92 preorder 1.34 7.29 1.78 9.96 3.72 8.91 6.96 8.7 9.86 8.2 1.18 4.05 5.56 7.25 8.72 6.92 4.34 0.3 1.95 4.84 6.3 6.29 7.79 0.15 2.61 4.91 2.02 4.57 7.02 6.26 0.56 2.15 5.22 6.16 1.98 8.39 0.25 1.81 4.2 5.09 4.99 8.52 3.7 2.75 5.98 5.9 3.96 2.76 2.99 6.71 9.24 8.32 0.48 5.84 8.97 5.24 7.23 1.05 2.32 8.43 5.65 7.68 3.76 7.6 6.02 0.26 4.04 8.1 4.75 9.83 4.77 5.45 8.65 7.64 5.78 4.03 9.16 2.79 2.28 2.9 2.13 9.68 2.33 4.54 9.45 5.27 5.28 2.4 6.72 8.08 6.85 5.86
int 92 preorder 106 252 794 136 866 852 72 831 604 361 571 564 310 788 296 187 818 141 763 360 148 319 355 948 311 317 661 313 8 282 580 463 105 940 415 964 192 228 749 803 219 445 431 30 743 894 471 65 453 757 470 627 250 505 542 517 935 901 229 529 642 18 938 274 992 379 432 124 563 175 675 847 488 11 795 778 930 685 160 610 260 109 975 722 920 601 336 595 484 265 988 494
int 92 inorder 68 254 552 605 176 996 842 166 432 190 537 84 13 544 364 956 116 237 886 933 268 511 352 534 38 321 413 341 123 529 276 180 119 586 932 163 954 821 152 497 733 939 290 755 306 339 514 898 763 747 981 473 725 994 889 998 461 831 477 934 531 627 493 812 900 623 96 856 577 762 188 310 807 558 945 73 71 715 203 198 661 195 305 664 600 683 184 48 138 949 214 353
int 93 postorder 593 123 516 327 955 390 80 518 399 176 733 685 642 178 380 147 396 167 784 989 520 204 774 672 92 57 702 286 519 281 251 474 295 524 152 93 582 630 717 761 182 120 54 263 667 424 720 437 668 968 839 125 550 246 439 122 385 364 104 323 572 891 537 501 541 780 660 925 799 648 644 6 102 953 886 231 808 762 739 907 457 944 153 313 903 7 238 309 945 202 357 248 157
double 93 preorder 1.19 2.07 1.22 1.69 4.5 1.77 0.85 8.58 7.08 1.61 9.6 6.87 0.95 0.64 1.04 5.66 1.81 9.71 3.48 2.12 5.49 7.25 8.79 8.8 1.27 9.58 8.1 2.46 6.93 0.25 6.55 8.16 6.62 9.38 3.75 5.18 7.41 5.33 6.19 5.12 5.25 0.58 5.24 0.35 2.2 1.78 0.5 3.53 4.72 0.03 4.48 3.59 4.33 3.61 8.89 5.95 2.4 4.39 9.85 4.16 1.92 6.85 8.17 2.71 5.58 9.46 1.71 2.93 3.92 4.66 6.22 3.3 7.69 0.55 9.43 7.75 1.55 5.17 7.68 6.52 8.76 4.58 4.24 1.98 0.72 6.01 1.36 1.16 3.19 7.32 5.45 3.65 8.28
double 97 inorder 1.26 7.41 9.54 8.51 9.43 5.09 9.68 8.68 4.71 8.18 0.47 6.26 7.82 2.41 7.38 7.54 0.98 2 0.87 5.57 8.62 0.74 6.35 8.28 9.06 5.51 9.31 4.96 5.56 5.92 7.95 9.98 6.76 0.5 7.69 9.51 8.82 4.26 1.4 3.28 5.36 3.18 3.19 6.98 9.41 4.85 4.46 5.17 7.61 6.04 6.96 0.84 7.13 5.18 6.18 5.43 6.77 8.53 7.74 5.34 5.86 9.29 2.24 2.03 6.93 0.29 3.89 6.21 0.97 6.34 9.76 9.35 7.24 4.54 7.72 2.16 3.86 3.13 8.17 6.86 4.68 8.99 8.46 3.72 6.63 8.79 8.75 4.12 2.91 7.28 5.48 7.77 0.25 7.12 4.56 0.34 4.63
double 97 preorder 7.38 3.64 9.76 5.36 5.73 6.56 4.59 2.2 4.32 3.73 1.8 8.75 5.38 1.47 0.55 9.38 7.73 0.36 3.88 4.41 2.69 7.69 6.11 3.32 5.28 2.6 4.65 5.57 4.53 3.68 2.27 7.04 1.86 6.52 0.51 0.05 9.44 5.41 3.4 2.22 5.96 4.13 3.98 5.47 2.57 3.56 8.65 8.06 7.65 5.02 6.66 7.45 7.37 3.07 1.39 0.41 1.92 2.5 0.86 6.29 2.32 1.16 4.2 7.13 5.5 7.89 9.06 0.92 7.1 0.34 4.48 0.62 3.02 3.1 8.13 5.14 9.2 4.62 5.27 9.29 5.6 6.65 8.4 9.63 2.4 0.43 0.24 4.38 8.91 0.33 5.13 7.66 5.93 7.23 9.49 2.13 4.33
int 98 postorder 29 522 874 133 553 87 282 917 89 423 879 477 466 403 923 461 441 809 531 644 933 772 818 370 69 514 412 690 678 615 790 998 194 669 110 625 250 293 708 664 147 725 4 368 549 430 867 483 90 392 97 158 881 424 82 286 348 276 967 677 934 337 201 688 977 494 833 882 179 803 414 819 91 598 814 446 822 257 607 576 273 387 918 290 764 496 50 469 312 605 594 13 427 458 274 437 228 38
int 101 preorder 883 673 508 390 682 571 324 701 224 473 159 207 988 718 369 966 565 480 358 927 807 855 488 301 707 710 888 24 119 72 106 779 674 78 998 747 141 923 653 140 36 91 9 145 815 724 859 122 54 577 716 157 131 960 887 13 32 398 717 340 719 661 283 138 176 152 736 929 633 279 954 636 841 504 82 782 588 219 295 440 181 133 909 603 293 884 776 905 191 419 94 531 230 895 649 63 832 142 860 166 237
int 103 inorder 788 853 239 81 524 818 317 400 451 113 396 457 249 455 173 654 485 382 515 206 889 720 653 70 575 747 757 820 193 422 794 847 611 161 306 967 148 588 74 475 188 910 509 625 639 784 920 352 339 572 834 259 964 760 808 718 174 608 977 952 637 303 975 410 681 391 841 59 786 965 356 203 913 351 864 719 22 954 886 688 321 782 677 671 72 126 282 266 742 503 488 961 547 862 461 205 434 874 54 729 415 989 13
double 104 inorder 6.32 5.92 6.27 3.21 4.07 2.05 1.44 5.09 2.27 9.48 4.12 6.13 3.83 3.23 5.57 7.47 9.91 3.53 5.5 2.92 7.92 8.9 5.62 7.08 6.15 7.11 2.14 0.45 6.84 6.93 2.47 2.98 8.45 1.11 6.31 4.56 3.04 9.72 4.05 7.39 3.49 7.96 9.38 7.37 6.53 7.12 6.81 7.35 8.67 4.61 6.87 1.69 4.5 1.18 8.16 2.96 4.53 5.46 5.3 6.29 2.59 2.09 6.63 2.51 0.82 2.44 0.78 7.89 7.69 0.41 8.92 5.91 5.85 6.01 0.09 6.22 7.8 7.32 0.29 9.18 5.1 0.68 2.5 9.25 4.51 3.55 9.37 7.45 0.15 2.7 7 2.13 1.07 4.44 6.16 3.09 1.41 2.29 2.77 1.54 5.31 0.84 7.5 1.73
double 104 inorder 1.81 1.64 5.56 6.36 0.34 6.85 4.79 5.88 8.11 9.2 7.65 3.68 1.66 3.16 9.76 0.59 6.26 9.98 4.93 6.33 2.57 5.27 0.81 6.1 5.87 5.76 6.68 2.11 9.73 2.84 4.52 3.33 9.21 0.62 4.99 8.17 6.92 0.54 2.58 0.96 8.22 5.28 5.29 5.24 4.12 0.64 8.51 3.21 9.54 5.18 4.11 1.26 6.45 3.37 6.77 4.72 8.12 4.27 2.14 2.93 5.54 2.66 0.37 5.37 8.61 1.35 9.35 9.52 6.71 3.76 3.47 8.67 0.51 6.09 7.63 0.19 9.8 8.52 4.71 9.63 7.22 1.01 9.3 0.39 6.76 4.56 2.91 2.71 9.77 1.49 2.67 3.07 1.23 3.36 7.53 3.87 9.84 6.8 7.32 7.46 4.51 7.7 9.56 8.76
double 104 preorder 5.84 9.54 8.93 3.43 5.13 3.56 5.55 1.71 8.34 0.03 7.58 1.61 4.73 7.24 9.32 8.24 5.26 2.75 6.75 5.76 6.11 5.18 3.45 7.07 0.24 1.3 0.98 4.37 5.73 2.56 4.18 1.43 6.32 5 2.99 4.69 0.6 7.4 8.04 7.87 0.72 9.07 2.97 3.3 9.27 9.88 3.02 0.1 0.71 8.39 9.12 4.44 6.29 1.06 3.69 4.49 5.06 0.94 2.12 1.26 7.63 6.35 0.4 2.07 8.01 2.5 2.57 8.26 8.79 8.9 7.35 9.93 7.26 1.41 6.46 4.59 0.56 8.89 2.29 1.03 4.71 0.57 6.28 7.74 4.62 6.89 2.32 7.62 5.25 6.78 4.66 2.15 4.05 2.98 1.6 9.77 9.52 0.48 2.03 3.33 8.28 0.88 8.23 4.06
int 104 postorder 650 384 518 133 62 716 199 594 327 404 714 221 82 270 929 758 501 449 832 207 665 787 600 809 611 257 60 526 994 347 78 182 779 52 883 142 504 75 790 685 127 805 562 834 160 319 796 430 478 183 590 511 444 405 390 687 636 630 279 136 925 876 341 917 362 495 869 658 861 2 67 545 858 605 742 785 132 523 559 103 863 239 748 166 678 845 123 528 995 191 215 251 911 679 800 651 17 506 529 900 724 659 484 93
int 105 preorder 35 458 275 155 357 801 981 804 27 306 47 996 215 521 648 470 963 881 355 861 64 846 536 911 882 246 227 507 839 732 226 529 950 245 317 191 390 7 939 604 764 58 292 288 570 305 792 283 620 760 686 864 729 86 560 704 547 374 617 369 107 138 923 977 24 160 565 362 284 427 651 543 814 443 59 2 176 710 833 533 714 353 287 616 926 519 635 62 754 122 17 734 1 761 351 752 682 899 958 125 411 175 402 301 240
double 105 inorder 0.13 9.79 1.08 5.51 8.88 6.88 7.71 9.81 1.96 9.62 5.91 0.24 3.68 4.14 9.65 7.67 5.55 6.24 0.07 4.72 5.54 5.93 2.83 8.87 3.13 6.64 5.87 0.63 3.54 3.82 2.99 2.43 3.37 0.91 8.28 9.88 9.76 7.05 8.55 4.1 9.38 4.36 5.98 0.37 3.34 5.8 7.23 0.48 7.33 7.56 7.86 2.51 5.05 2.63 3.43 4.52 6.25 3.62 5.84 6.45 3.9 1.09 0.4 5.6 2.47 6.41 8.29 2.87 0.94 9.21 7.84 4.12 9.86 8.08 3.05 8.24 8.99 6.59 1.05 2.88 9.35 9.75 3.75 6.56 5.96 0.86 7.87 5.03 4.47 6.76 2.1 2.33 1.73 4.91 0.11 4.2 3.87 5.32 8.18 6.8 0.45 0.88 7.01 9.49 1.47
double 106 preorder 0.46 7.47 8.1 1.84 8.73 0.81 4.19 2.98 0.49 6.24 0.72 0.67 0.8 7.09 0.41 3.52 9.97 3.49 4.9 0.88 1.47 2.14 9.04 5.45 0.16 2.66 5.51 7.48 5.93 5.21 0.19 5.67 2.52 6.84 6.47 6.94 0.12 4.93 1.75 0.13 1.39 8.98 6.49 6.41 8.23 0.62 3.23 6.14 8.29 8.85 4.21 5.01 5.19 5.6 1.36 4.65 0.89 8.15 2.6 0.01 4.76 9.35 1.43 6.92 4.79 1.19 9.17 7.06 2.37 9.33 0.64 3.9 5.39 9.1 1.55 4.86 8.91 8.84 3.72 7.23 2.97 6.45 3.43 4.56 9.92 7.97 8.61 6 2.8 1.12 2.45 8.38 8.51 8.42 0.74 4.59 2.51 9.87 1.34 8 9 8.43 6.82 9.66 9.02 7.38
double 107 postorder 0.99 1.77 9.37 6.18 9.06 0.72 3.19 5.76 7.47 1.32 8.28 6.22 1.6 9.72 4.68 1.31 1.16 9.2 8.54 7.23 9.05 2.93 9.11 0.86 2.79 0.27 1.23 9.62 0.44 5.66 9.68 7.59 9.83 2.98 2.64 0.98 0.57 3.99 5.5 4.61 1.43 3.26 4.18 0.09 3.45 1.26 9.84 2.84 0.7 6.04 3.97 6.72 1.56 6.85 7.36 6.05 1.53 1.09 2.44 7.9 0.19 3.79 8.51 1.66 5.64 1.67 1.78 0.37 1.27 0.26 3.94 9.94 5.44 7.46 9.27 7.39 3.64 7.55 8.44 4.75 4.6 0.34 7.73 8.72 8.34 2.74 0.83 7.11 2.7 9.15 9.64 1.19 6.39 8.1 9 5.56 5.63 7.91 4.23 9.56 9.91 9.71 3.36 7.77 5.54 8.94 0.66
int 108 preorder 856 443 597 981 797 162 694 427 221 40 305 818 608 16 225 71 24 425 934 90 154 658 606 52 957 201 879 773 46 389 42 716 983 433 567 404 973 878 109 766 125 190 530 586 307 603 509 67 986 613 989 13 91 279 296 387 642 320 281 384 725 925 83 568 984 912 183 192 269 605 152 918 310 556 222 824 478 286 461 631 678 138 654 332 561 227 990 675 529 198 798 130 30 133 436 569 742 365 440 624 698 309 275 500 450 301 842 372
int 108 preorder 773 185 641 474 366 995 597 236 86 712 991 542 429 353 229 207 949 157 388 730 371 277 692 444 313 193 12 946 33 135 203 46 196 438 898 269 325 338 990 992 612 45 914 129 848 368 770 583 124 839 456 962 971 536 319 660 448 186 625 679 921 74 859 130 235 733 968 815 224 43 376 467 785 424 951 365 316 953 195 155 809 746 441 219 161 754 903 103 819 614 233 166 228 929 864 675 988 718 899 329 153 664 409 856 890 528 465 91
