double 10 9.58 8.28 9.94 0.95 3.95 2.06 3.88 8.28 7.2 7.22
int 12 31 40 9 96 24 16 31 16 45 7 71 81
double 13 1.52 6.03 6.13 0.22 0.63 4.27 5.56 8.53 6.75 2.7 8.62 3.06 5.1
double 13 0.99 4.37 1.74 6.19 2.09 0.67 4.48 3.59 0.45 9.97 4.43 0.87 7.99
bool 14 0 1 1 0 1 1 1 0 0 0 1 1 0 1
bool 14 0 0 1 0 1 1 0 0 0 0 1 0 0 1
char 14 t b f j s n a j k r g s d s
bool 16 0 1 1 0 0 1 0 1 1 1 1 1 1 1 0 0
int 16 64 68 96 10 52 63 49 12 19 7 64 91 78 6 89 62
int 19 76 27 86 17 61 12 95 18 57 92 98 77 36 88 98 26 88 6 83
char 21 m l m n r r g f b t j h t k q f b h t r n
double 22 5.66 7.78 4.85 3.82 6.41 0.77 4.84 2.75 4.01 9.39 2.44 7.89 8.08 3.02 7.3 9.4 4.89 6.82 4.46 1.27 6.48 6.59
bool 22 1 1 0 1 1 0 0 1 0 1 0 1 0 1 0 1 1 1 0 0 1 0
char 22 g b f e q o r p p g e l l a q t r r j d c f
bool 25 0 0 0 1 1 0 1 1 0 0 1 1 1 1 0 0 1 0 1 1 0 1 1 1 1
int 26 75 60 29 66 4 92 72 74 80 44 10 16 7 48 68 11 30 58 51 52 88 91 48 42 78 8
char 29 p g t r m a q e k h o p d l n r r o q f l m q f h j p k m
bool 30 1 0 0 0 0 1 0 1 1 0 1 1 0 1 1 0 1 1 1 1 1 0 0 0 1 0 0 1 1 0
bool 30 0 1 0 1 0 0 1 0 1 1 1 0 1 1 0 0 0 0 1 1 0 0 1 0 0 1 1 1 1 1
bool 32 1 1 1 1 0 1 1 1 0 0 0 1 1 1 1 0 1 0 1 0 1 1 1 1 0 0 0 1 1 0 1 1
int 33 6 83 72 23 37 59 15 24 15 64 38 83 92 70 2 96 8 70 14 57 23 20 85 24 79 78 5 25 76 9 37 36 52
int 33 91 84 26 73 3 21 34 77 34 78 74 98 36 75 85 49 49 98 50 71 75 8 4 5 46 65 66 91 64 74 18 16 57
int 33 8 34 95 67 92 60 63 93 52 23 26 5 62 19 33 61 41 56 24 42 20 49 26 23 5 99 69 68 29 20 3 18 44
char 35 t g e c h i c r o e q h r l m k e r q c q q l j h c q s g l r a c a b
int 35 56 22 56 94 52 71 89 88 63 30 91 91 12 32 83 45 13 84 92 12 58 21 20 12 78 15 29 60 24 53 28 16 10 32 82
int 36 2 98 29 75 92 91 87 60 57 61 49 59 44 2 29 34 56 53 84 47 68 45 26 25 16 91 95 46 36 4 62 29 80 94 16 32
char 37 c a c q h i j l e n d i m g b a f i l n e h f g n d a f p l o g m o e j n
int 37 94 9 2 18 98 60 4 22 24 16 57 2 21 17 69 77 12 21 18 81 28 90 95 43 26 8 34 48 32 22 44 71 73 22 85 84 14
char 41 k f h e n l k l f k b p p d n t n l e s r p h d b l b c o p q j h p g c a f s i e
int 42 42 86 89 61 70 59 58 22 82 48 23 71 46 26 74 2 48 23 93 12 71 14 13 63 97 66 11 98 63 86 20 24 41 5 88 8 29 96 19 78 18 52
char 43 r p k n g p c c f q c t b b i c t j o g r c s g t s g q t q g e q b s j b h n h g p m
int 44 56 90 30 93 18 39 15 99 48 15 64 52 57 6 8 73 3 27 79 18 52 31 37 51 40 55 66 26 23 50 67 95 40 82 51 63 31 75 95 57 33 37 46 89
int 47 31 79 61 38 64 65 51 7 56 45 65 26 98 47 53 24 7 38 18 26 51 98 78 7 71 81 21 3 67 18 58 44 44 38 26 78 97 47 49 79 73 72 11 9 2 48 84
int 47 91 1 17 89 74 93 38 4 85 32 35 33 35 26 13 67 71 57 74 96 88 45 77 30 24 36 89 57 49 78 4 5 41 69 59 84 72 48 78 77 14 73 30 19 85 71 11
bool 48 1 0 0 0 0 1 0 1 0 0 0 0 0 0 1 1 0 1 0 0 1 1 1 1 1 0 0 1 0 1 1 1 1 1 1 1 1 1 1 1 1 1 0 0 0 1 0 0
int 49 18 7 44 75 24 71 81 62 59 95 92 82 8 15 57 1 19 63 40 70 38 91 87 16 82 73 54 26 7 70 12 62 59 74 77 91 8 14 88 97 88 75 29 55 58 13 75 6 90
double 49 3.66 1.35 0.63 1.91 3.29 3.55 3.51 3.23 0.96 0.65 1.29 4.83 2.04 7.25 2.38 4.7 7.48 7.59 3.13 0.85 4.8 9.8 4.53 1.72 3.73 2.27 8.4 1.02 1.3 9.74 2 9.8 3.57 8.79 7.64 9.13 1.57 9.17 4.46 0.65 2.08 8.96 3.6 3.49 3.24 6.29 3.36 0.76 4.86
bool 50 0 0 1 1 0 1 0 0 0 1 0 0 0 1 1 0 0 0 1 1 0 0 1 0 1 0 0 0 0 0 0 0 0 1 0 0 0 1 0 1 0 1 1 0 0 1 0 0 0 1
double 50 7.82 0.29 8.52 4.19 0.85 3.14 3.54 2.69 7.39 7.88 3.95 8.78 5.31 4.2 3.25 2.1 8.85 5.24 3.57 1.21 8.98 4.88 7.49 5.64 3.88 8.77 3.53 1.33 0.04 9.07 3.92 2.01 2.25 3.64 6.9 3.88 2.74 3.58 1.06 7.69 8.06 1.47 7.21 8.9 4.98 9.05 9.3 3.01 8.18 8.46
double 51 3.82 3.34 6.77 1.13 8.2 2.47 1.78 3.9 7.83 3.04 2.17 3.2 1.16 4.8 3.58 1.82 5.5 3.07 1.04 5.96 6.38 8.99 6.91 4.64 3.87 7.17 9.21 3.2 2.77 7.21 0.43 8.25 1.84 6.64 1.67 0.22 4.97 0.44 1.58 4.93 2.9 8.79 0.24 6.54 2.68 4.02 3.31 6.17 2.32 1.75 4.72
int 52 5 82 2 6 42 62 45 82 73 44 59 93 18 13 95 13 8 54 16 64 26 3 91 7 20 53 78 9 56 93 61 74 92 81 20 27 99 17 30 87 68 69 51 92 72 44 10 94 76 2 1 83
double 57 6.32 9.22 3.64 5.66 7.77 5.74 9.67 7.55 6.38 9.19 5.85 6.3 0.08 0.97 4.68 4.96 3.69 2.09 2.2 8.27 3.82 4.48 9.42 0.54 0.81 2.55 2.9 1.48 8.12 6.57 9.27 1.16 6.43 3.21 9.6 1.31 6.08 3.48 1.59 0.62 5.98 4.11 8.33 9.29 9.81 2.87 8.9 8.48 3.82 5.36 0.42 6.27 5.42 2.21 2.51 8.88 2.07
double 60 8.91 9.99 5.97 1.43 2.86 1.13 4.08 6.27 4.31 5.39 4.02 9.85 4.83 8.39 1.5 8.43 0.09 0.8 2.05 8.21 9.57 7.55 8.88 8.03 2.8 3.2 3.24 1.79 9.07 0.94 4.82 4.45 1.35 8.86 8.97 5.54 9.96 4.88 8.59 5.83 0.69 3.63 7.52 1.91 6.91 3.52 8.2 0.79 7.93 5.06 9.37 1.71 8.44 0.08 1.97 8.19 2.27 7.85 4.47 5.55
int 61 18 9 54 71 54 25 13 73 92 72 12 75 88 23 52 28 76 28 23 70 61 97 68 45 29 51 26 38 71 16 21 62 20 35 7 14 12 61 78 64 32 64 55 33 16 34 5 89 70 98 33 87 25 30 9 16 82 56 98 36 42
int 62 76 80 72 59 91 68 79 81 52 35 69 85 57 37 81 63 40 6 34 19 98 49 39 23 51 17 50 78 74 20 29 45 61 37 57 47 44 71 63 99 19 86 24 56 46 20 37 58 42 55 48 84 85 58 61 52 11 85 92 21 51 33
char 62 m b k e a t i t p o a j t n n k a g l j b o m d n t i e m b a n m s b n n s o j n k c n f i j r r s i q n n g n p g i h s i
char 62 r r t j t m k o p h p j q l e p s h a h i i k h c h s s n n o f r l r g r t d f i r m p o i n c g k h h h s b g n g h n p e
int 66 87 59 44 99 1 99 74 96 4 74 82 53 97 92 78 98 12 76 81 7 72 10 89 14 7 5 59 61 94 81 94 44 2 79 90 81 13 18 31 47 43 13 54 24 13 94 17 4 9 55 72 1 5 6 62 67 34 24 97 30 6 29 62 70 93 52
double 66 7.6 9.39 6.87 8.64 8.62 7.67 0.18 5.51 3.77 1.14 9.43 0.52 8.13 6.13 5.64 9.7 6.44 0.45 0.12 5.14 6.37 5.82 2.55 5.52 0.73 9.41 3.46 3.66 3.39 5.23 2.84 9.09 4.86 2.21 6.09 6.08 2.57 0.42 6.07 5.87 0.39 8.47 8.96 4.67 7.06 3.36 1.56 5.65 3.14 9.21 7.27 4.96 3.65 4.05 6.13 2.22 3.58 7.42 4.67 7.84 3.84 2.77 7.46 6.83 6.93 4.18
double 69 2.65 7.45 3.26 6.72 5.32 7.99 6.08 9.46 0.58 6.38 0.94 4.59 0.38 5.92 9.55 2.49 7.08 5.49 0.35 4.69 9.61 2.06 9.13 1.35 0.07 1.84 8.55 5.04 3.15 0.55 4.15 7.27 3.79 7.79 2.53 0.04 0.17 8.19 0.64 3.01 1.34 1.44 9.94 8 4.68 1.22 9.66 4.65 7.69 9.4 7.25 5.68 5.6 0.5 9.89 5.38 7.01 4.98 5.07 6.92 6.54 7.23 4.13 4.36 0.28 8.16 2.62 1.93 4.02
double 70 5.64 9.87 2.01 0.56 5.35 1.55 8.86 2.28 9.06 4.05 6.13 5.08 2.81 3.43 8.85 3.72 9.24 0.76 2.09 3.86 1.09 7.4 8.01 3.96 2.29 4.83 6.56 1.12 2.85 3.45 1.89 7.56 8.41 3.38 8.39 6.53 8.79 6.1 2.75 4.76 4.65 7.9 9.96 6.29 1.34 5.9 6.8 9.72 1.83 9.61 4.13 1.38 1.18 9.25 9.49 9.22 5.58 8.12 4.02 2.86 8.5 7 8.91 6.84 1.71 2.88 6.04 8.88 0.18 9.17
double 72 5.45 9.39 5.43 0.33 4.19 4.58 0.83 9 9.45 7.84 3.79 9.97 7.15 7.95 3.26 2.26 6.08 0.24 5.96 4.17 5.5 8.96 7.72 8.38 6.59 9.81 4 3.72 2.09 1.31 9.5 3.45 2.32 9.27 2.96 0.56 4.31 1.85 0.43 2.79 1.92 1.81 2.86 6.02 7.27 9.76 7.23 8.27 1.16 1.77 4.82 7.26 4.34 9.87 6.65 7.26 5.79 3.6 3.59 3.97 7.08 7.14 6.69 6.83 7.55 5.76 3.43 0.87 1.21 5.73 0.62 8.88
bool 73 0 1 1 0 1 0 1 1 0 0 1 1 1 1 1 0 1 1 0 0 1 1 0 0 0 1 0 1 0 0 1 0 1 0 1 0 0 1 0 1 0 1 0 1 1 0 0 1 0 1 1 1 1 0 1 0 0 0 0 0 0 0 1 1 0 1 0 0 1 1 0 0 1
bool 73 1 0 1 1 0 0 1 1 0 0 0 1 0 0 0 0 0 1 1 1 0 0 1 1 0 0 1 1 0 0 0 1 0 1 0 1 1 1 1 1 1 1 1 0 1 0 0 0 0 1 1 1 1 0 0 1 0 0 0 1 0 0 1 1 0 0 1 1 1 1 1 0 0
char 77 l a n b l m d n d j s r r a g h n b i h t t m c e t q s s i t r a o q a o p h t a h o h h e q f a g r h s n o r d s o k c c r i j a g s e b f n d g b t t
double 78 9.81 1.42 8.91 5.42 1.64 3.86 6.4 4.15 7.41 1.24 5.81 1.35 8.41 2.62 9.45 3.44 8.91 8.87 2.72 5.07 6.94 6.84 8.39 9.16 9.9 5.87 0.37 2.55 2.39 2.94 6.33 7.62 5.07 2.22 0.01 2.33 6.57 9.43 7.27 1.63 4.37 9.15 4.45 1.08 7.73 9.37 2.79 0.82 6.98 6.87 8.29 8.13 9.49 0.45 4.93 8.12 5.6 6.3 2.55 8.74 7.81 0.77 7.8 3.87 1.74 4.3 0.04 0.19 7.59 4 7.3 9.45 5.64 3.09 8.26 8.61 0.99 3.4
int 78 38 84 52 16 58 13 16 84 61 84 31 17 29 50 93 16 53 3 32 50 70 46 70 40 29 41 31 64 42 57 87 31 20 77 24 78 35 21 74 41 90 54 51 8 29 67 76 67 38 38 59 43 62 6 6 45 66 7 23 49 43 15 2 59 67 63 9 38 79 97 41 74 91 63 58 21 60 63
int 80 11 2 60 88 53 6 17 35 10 93 88 95 68 8 46 43 12 20 88 7 80 3 31 13 81 21 95 22 56 25 36 7 6 50 22 14 96 98 48 26 88 4 28 22 74 17 80 38 89 6 16 97 17 38 61 88 90 33 68 45 99 19 72 88 38 58 30 34 44 4 84 32 45 60 35 93 17 98 48 66
int 81 37 41 99 7 2 74 86 6 24 20 14 97 30 60 7 34 51 84 92 56 69 29 33 9 76 43 90 40 81 21 27 83 63 21 51 32 39 33 88 81 66 42 24 32 43 84 58 75 49 3 34 97 69 93 54 3 84 50 17 81 24 61 39 41 82 73 69 79 79 10 43 56 89 36 78 36 72 57 13 83 98
double 81 7.66 4.16 0.11 7.32 6.45 3.91 8.45 8.9 2.66 7.05 0.21 8.01 6.34 3.74 8.95 0.09 6.16 0.9 1.19 6.84 8.5 8.23 1.04 7.17 6.11 0.08 6.63 7.41 3.68 3.72 8.88 4.12 2.81 1.05 5.73 6.52 9.59 5.46 8.56 8.89 7.13 3.43 8.13 0.67 4.59 6.47 9.71 8.25 1.1 6.12 0.61 3.52 6.58 0.08 9.86 5.49 0.81 1.84 2.55 8.56 7.03 2.27 1.17 3.14 6.51 9.15 0.17 4.18 0.8 4.51 6.94 6.92 4.2 9.37 1 3.03 7.43 5.88 0.03 5.21 4.52
bool 81 1 1 0 1 0 0 0 0 0 0 1 0 1 1 0 0 1 0 0 1 1 0 0 0 1 0 0 0 0 0 0 0 0 1 0 0 1 1 1 0 0 1 0 0 0 1 1 0 0 0 0 1 1 1 1 0 0 1 1 0 0 1 1 1 0 0 0 1 0 1 0 1 1 1 0 1 0 1 1 0 1
char 82 r d g m d d o t s m e k b a j c l r q r k r q i e r h j q s t t h r g m s t q e l n r b f k p n m b l l h r c s g a f f g q j g r l q j r c g j i m p c p a s o d r
char 83 q h d k b h c k t n o l g t p j t j i c h j s e k m o s k m j s h q q r r r d q n i r k d j p t i t f p q k n m o g c q b s o f l j k n f i l h h j h s n j o a g o p
char 83 h s q j r g o h b k k k f s a j o h n a k m g e c h t p q n q a h l a l r n l h d h j r s t p q k c p e p t q p b m p p l c f i i t c b s g h s i h i a o e t c g m c
bool 83 0 1 0 1 1 1 0 1 0 1 0 0 1 1 0 1 1 0 1 0 1 0 1 0 1 0 1 0 0 1 0 1 0 0 0 1 1 0 1 0 0 1 1 0 1 1 0 0 0 0 1 1 1 0 1 1 0 1 0 0 0 1 1 0 0 0 1 1 1 0 1 0 1 0 0 0 1 1 0 0 0 0 0
bool 83 1 0 1 0 1 1 0 0 1 1 0 0 0 1 0 0 1 0 0 0 0 1 1 0 1 1 1 1 0 0 1 0 0 1 0 0 0 1 0 1 0 1 0 1 0 0 1 1 0 0 0 1 0 0 1 1 0 0 1 0 0 0 1 0 0 1 1 0 1 0 0 0 1 1 1 1 0 1 1 0 1 1 0
int 84 31 69 57 16 7 19 67 11 29 56 91 81 44 89 37 19 32 77 22 65 52 14 16 81 16 81 33 58 26 99 16 15 32 40 78 12 91 63 31 51 51 78 13 13 6 15 49 32 70 73 88 72 92 46 83 45 77 16 84 57 86 17 53 69 54 30 28 8 68 33 76 91 56 21 46 96 11 78 77 82 64 74 55 60
int 86 38 60 4 6 73 38 60 21 47 82 90 41 92 36 83 24 46 97 6 6 9 27 16 56 4 81 49 28 8 26 52 59 13 35 6 92 70 44 89 84 92 69 36 95 66 73 8 89 7 90 76 83 21 15 8 19 91 19 50 85 50 83 69 25 52 13 90 24 71 68 77 11 14 20 51 9 36 26 21 61 79 2 37 59 5 94
double 87 8.13 8.45 5.72 2.95 1.4 1.34 5.07 7.47 8.42 8.71 2.21 7.84 9.58 5.83 9.82 8.65 8.24 1.39 6.02 8.73 0.55 3.61 6.34 1.9 8.53 8.55 6.86 1.34 9.27 9.47 2.45 7.47 3.36 2.64 0.54 1.4 7.65 8.36 8.44 8.28 6.73 0.57 4.7 9.83 0.23 3.18 3.4 7.98 8.15 9.7 7.25 3.07 2.01 6.86 9.25 9.95 6.13 1.83 1.62 8.62 5.51 6.73 0.7 7.53 0.73 8.96 1.56 9.02 1.09 8.13 3.32 4.26 9.13 3.95 9.96 1.75 7.68 4.04 3.49 5.12 9.6 5.67 8.67 7.08 7.9 9.57 6.32
int 89 6 31 37 90 99 72 15 34 24 74 93 68 78 37 55 20 8 72 93 11 37 8 30 4 77 18 59 68 51 52 17 75 68 33 56 47 18 68 69 71 8 7 24 3 31 64 6 84 12 22 8 46 61 81 76 10 46 22 54 1 50 39 65 1 2 57 39 96 36 50 10 34 46 11 47 38 40 7 50 68 88 97 74 11 27 3 59 11 31
char 89 b a h e k h r j m l l r p k d j e c i g c a o e h t e n c n e m j r q j d g n f e l t s n b e p e p t m l p s a f t a p a s c k o r o h b t i k j p g p h t h m t b r o n r k k f
int 90 97 85 80 27 21 52 48 87 71 39 80 23 97 9 48 78 66 64 86 7 19 86 61 80 3 59 2 14 87 36 16 11 7 44 46 55 80 1 27 31 54 2 93 99 97 85 50 93 52 28 50 89 2 82 57 17 9 51 54 53 91 84 56 24 56 80 6 28 79 39 92 72 8 8 72 21 61 35 69 93 55 57 74 65 13 24 73 26 86 8
bool 90 0 0 1 0 1 1 0 0 1 0 1 0 0 1 1 1 1 1 1 1 0 1 0 1 1 0 0 0 0 1 1 0 1 1 0 1 1 0 0 1 0 0 0 1 1 1 1 1 1 1 1 1 0 0 1 0 0 0 0 0 0 0 0 1 0 1 0 1 0 0 0 0 1 0 0 0 1 1 0 1 1 0 1 1 1 0 1 0 0 0
bool 90 1 0 0 0 0 1 1 0 0 0 0 0 1 1 1 1 0 0 0 1 0 1 0 0 1 0 0 1 1 1 1 1 1 1 0 1 0 0 0 1 0 1 1 1 0 0 0 0 1 1 0 1 1 0 1 0 1 1 0 1 1 0 0 1 1 0 1 0 1 1 1 1 1 1 0 1 0 1 0 1 0 1 1 0 1 1 0 0 1 0
double 91 5.75 0.58 5.48 7.54 0.72 2.17 4.94 3.44 2.61 4.98 6.44 5.86 7.05 1.7 4.52 9.02 0.71 0.8 6.39 4.39 7.11 6.67 0.95 0.69 3.16 4.21 3.74 1.16 7.57 7.34 8.54 6.13 9.42 8.15 5.12 5.56 7.94 2.64 9.21 9.97 1.26 7.98 0.57 5.76 3.51 7.69 2.71 4.87 9.15 2.91 0.89 6.25 7.76 8.09 3.21 4.86 2.06 0.18 6.39 2.39 3.88 4.48 2.89 2.65 5.57 1.82 5.79 1.32 9.11 4.82 8.51 2.82 8.33 5.04 0.97 2.53 0.17 9.3 0.49 4.73 4.16 6.67 9.15 8.14 2.1 8.68 9.72 4.4 0.81 0.3 7.48
bool 91 1 0 0 0 1 1 0 0 1 1 1 0 0 1 0 0 0 0 1 0 1 0 0 0 0 1 1 1 1 1 0 0 1 1 1 1 0 1 0 1 1 0 0 0 1 1 1 0 0 1 1 1 1 1 0 0 0 0 0 1 1 1 0 0 1 1 1 0 0 0 1 0 0 0 1 1 0 0 0 1 0 1 0 0 1 1 1 0 1 0 1
bool 92 1 1 1 0 0 1 1 0 1 0 0 0 1 0 1 0 0 1 1 1 0 1 0 0 1 0 0 1 0 1 1 0 1 1 0 0 1 0 0 0 1 1 0 0 1 0 1 1 1 0 1 0 0 1 0 0 1 1 0 1 0 1 1 1 1 0 0 0 1 1 0 0 1 1 0 0 0 1 1 1 1 1 0 1 0 1 0 1 1 1 0 1
bool 92 0 0 0 1 1 1 1 0 0 0 1 0 1 1 0 1 0 1 1 1 0 1 0 1 1 1 1 0 1 0 1 0 1 1 0 1 1 1 0 0 1 1 0 1 0 0 1 1 0 0 0 0 0 0 1 0 1 0 1 1 0 0 1 0 1 0 0 1 0 0 0 0 1 1 0 1 0 0 1 0 0 0 1 0 0 0 1 0 0 1 0 1
char 93 d d h a i r r h d d d s j s b a n g t n f j b a i i r c a a m c g f i c q m p a i s d c e d t k m s q n n i p c a m m b h h h s o e f s n e r e c b q r b p e i r b q q e i j f h a b f d
char 94 b g h a s d a h g e k c t f a o f e q c f c b i g l g k b c s j n d t h o g c k s e b g h j g f t s e e s m s t j r f c e f b d a g q s a s e q b t j r b r i g a p r a c p p s r t b p l o
char 94 b j g q g m n a j t k l q s g n j g i g e n m k i n h j m p a t m g d g q s c j e p p o c i b n a g d g a n p k b n h f h p l o i k s e m t o o o n h s k n g q f a k q e f k g l b n k g q
int 96 55 94 47 73 75 78 11 53 79 54 11 55 36 9 91 42 64 9 83 14 25 24 59 67 68 53 72 94 36 45 35 45 36 1 71 91 6 74 57 99 1 88 4 17 15 52 21 17 95 53 21 92 25 72 15 44 35 68 32 46 5 95 73 32 64 98 43 50 31 16 86 32 88 7 94 83 8 60 97 84 9 78 17 77 28 91 40 47 56 31 34 20 24 64 91 92
bool 96 1 0 1 0 0 0 1 0 1 1 0 0 1 0 0 0 0 0 0 1 0 1 0 0 0 0 1 0 0 1 1 0 0 1 1 0 1 1 0 1 1 0 0 1 1 1 0 1 0 0 1 1 1 0 0 1 1 1 1 1 0 0 1 1 1 1 0 1 1 1 1 1 1 0 0 0 1 1 0 1 1 0 0 0 1 0 0 1 1 0 0 0 1 0 0 0
bool 97 1 1 0 0 1 1 1 1 0 1 1 0 0 1 0 0 0 1 1 0 1 1 1 1 0 0 1 0 1 1 1 0 0 1 0 1 0 1 1 0 0 0 1 1 0 1 1 0 0 1 0 0 0 1 0 0 0 0 1 0 1 0 1 0 0 1 1 1 1 1 0 0 1 1 0 1 1 0 0 1 0 0 0 1 0 0 1 1 1 1 1 0 1 1 1 0 1
int 98 24 69 22 5 56 33 61 16 84 12 9 34 42 76 54 16 93 91 3 93 77 27 47 98 47 71 96 76 66 34 75 67 20 81 96 12 21 82 27 38 98 39 33 32 95 51 61 21 11 40 89 41 50 64 82 33 11 43 18 43 37 15 33 87 21 1 41 85 74 31 9 45 5 86 39 62 42 35 93 56 35 63 42 52 31 99 55 93 10 59 61 86 61 81 6 93 76 52
int 99 91 38 80 86 54 65 38 45 88 13 76 53 58 4 7 62 54 35 61 97 11 45 98 45 93 6 6 20 25 3 89 7 53 3 70 1 68 33 25 76 80 68 90 48 77 47 12 34 60 4 73 11 34 53 7 80 36 3 13 60 64 13 56 55 40 13 6 97 84 52 74 50 61 62 88 49 54 83 11 5 51 10 52 97 11 65 6 67 33 13 65 91 52 86 59 13 34 43 91
bool 101 0 1 1 1 0 0 1 0 0 1 0 0 1 0 0 1 1 1 0 0 0 1 1 0 1 0 0 0 0 1 1 1 1 0 1 1 1 0 1 0 0 1 0 0 0 1 1 0 0 1 1 0 1 0 1 1 0 1 0 0 1 1 0 1 1 1 1 1 1 1 0 0 0 0 0 1 0 0 0 0 0 0 1 1 0 0 1 1 0 0 1 1 0 1 0 1 1 0 0 1 1
double 101 0.68 5.59 0.87 4.33 8.74 2.1 0.84 2.93 1.56 8.85 9.33 2.03 6.03 5.65 0.98 4.53 9.87 3.29 0.15 9.29 9.95 2.03 8.79 6.73 5.82 7.68 9.77 1.82 8.93 9.42 6.33 1.43 1.06 9.26 3.73 7.64 7.05 2.26 5.16 1.9 4.45 1.95 2.54 9.03 2.44 5.93 8.78 0.4 4 8.8 3.82 5.58 3.42 3.48 6.12 1.05 3.91 6.36 8.34 6.5 2.97 4.34 2.49 1.83 2.59 6.99 4.56 4.49 3.49 2.17 3.72 7.78 6.22 1.25 1.46 3.45 3.75 5.32 7.49 9.76 8.1 4.45 2.5 7.41 3.6 3.71 8.52 4.67 6.9 7.58 0.83 0.91 6.64 4.1 9.46 4.32 2.9 5.17 7.17 3.79 5.72
int 101 74 54 96 82 41 86 67 65 3 58 43 65 76 73 70 80 88 29 50 44 48 53 81 91 72 74 15 75 41 52 22 92 30 4 62 45 14 64 70 57 76 87 13 21 4 1 84 44 37 42 82 7 63 23 21 12 54 38 60 35 37 51 20 27 60 46 9 19 11 69 63 18 47 54 46 52 48 84 94 82 2 23 30 51 63 87 65 75 40 74 7 26 72 7 48 53 95 71 25 69 32
double 103 4.92 7.89 0.87 7.3 2.07 3.8 4.98 9.66 0.91 9.95 7.76 5.09 6.85 7.24 2.48 4.34 9.61 3.86 2.14 6.78 7.38 0.25 3.49 0.79 9.53 2.2 6.84 7.62 5.07 6.06 8.06 4.37 8.65 9.12 7.12 8.94 7.96 0.04 7.69 9.59 8.07 6.77 1 4.09 9.76 7.14 2.41 0.56 4.24 3.01 9.29 9.7 8.47 8.13 2.48 6.22 9.43 7.64 1.92 6.07 4.31 3.3 3.58 2.63 0.28 1.11 2.37 0.85 7.05 1.18 0.5 0.78 6.1 4.25 0.99 8.85 9.82 3.12 9.37 2.58 3.24 5.24 5.51 9.21 8.34 8.08 1.46 3.87 8.57 7.66 8.25 7.9 3.66 9.59 3.77 3.9 5.92 0.25 0.83 2.08 0.73 4.47 3.49
bool 104 0 0 0 0 1 0 0 1 0 1 1 1 0 0 0 1 0 0 1 1 0 1 0 1 0 1 1 0 0 0 1 1 1 0 1 1 0 1 0 1 0 0 0 0 0 0 1 1 1 0 1 1 0 0 1 0 1 1 1 1 0 0 1 1 1 1 1 1 1 1 1 1 1 0 1 0 0 0 0 0 0 1 0 0 0 0 0 0 0 1 1 1 1 0 1 0 0 0 1 1 0 0 1 1
int 104 55 1 17 6 31 71 51 36 81 15 66 1 34 95 6 75 95 32 82 48 71 17 37 49 37 72 57 44 70 67 35 94 17 78 30 70 94 94 32 50 64 24 91 70 79 28 98 3 96 38 16 29 46 61 3 37 75 61 98 92 9 5 26 75 99 59 37 96 56 69 78 47 28 81 14 57 16 56 45 94 88 22 97 88 55 85 10 11 79 10 47 78 19 15 24 32 93 11 82 15 99 75 18 95
double 104 4.71 6.87 5.91 7.5 0.54 3.98 9.74 2.14 6.83 4.79 9.63 4.02 6.31 7.63 7.88 8.83 6.73 5.08 3.9 6.82 5.71 3.24 7.01 5.08 2.24 4.73 1.59 2.07 9.88 7.18 3.69 9.66 5.65 4.8 3.58 9.27 8.07 8.55 4.88 3.01 7.07 7.1 8.88 0.24 1.19 0.72 1.06 7.79 6.74 0.78 9.98 7.47 1.41 9.23 6.53 1.4 0.36 0.91 0.09 1.45 8.15 7.24 8.59 1.22 5.65 0.54 5.77 7.16 1.57 1.31 9.6 8.87 4.8 0.13 0.32 8.83 3.98 7.17 3.4 7.19 6.61 2.83 1.38 1.76 1.52 7.36 9.29 6.33 2.79 9.54 6.36 8.41 5.04 0.82 7.82 5.88 2.19 2.95 4.4 1.81 1.33 9.09 6.03 2.93
int 105 76 84 34 70 38 65 33 33 76 47 89 36 79 15 99 78 70 47 10 99 48 39 68 53 76 85 38 64 33 33 43 64 50 5 17 79 28 93 54 39 27 10 95 69 27 41 16 9 57 23 85 45 46 26 63 50 12 88 25 35 65 25 87 77 47 56 59 3 12 41 47 95 83 53 94 65 9 65 56 50 6 65 49 16 10 23 89 9 87 10 56 72 43 91 78 16 48 8 71 89 71 63 36 18 41
int 106 82 17 61 54 42 65 49 37 66 37 97 44 84 81 49 97 45 55 75 78 58 1 3 91 65 37 90 42 43 43 21 78 45 35 21 49 50 66 11 32 82 56 80 33 78 39 31 45 71 98 32 84 52 72 12 19 98 96 71 69 39 53 91 45 81 79 55 31 7 34 81 51 79 70 85 41 18 94 53 88 27 6 72 71 11 23 83 87 40 57 33 54 2 54 56 73 6 33 64 13 41 56 99 69 61 14
bool 106 1 0 0 1 1 0 1 0 0 0 0 0 1 1 0 0 0 1 0 0 1 1 0 1 1 0 1 1 0 0 0 0 0 0 0 1 0 0 0 1 0 1 0 1 1 0 1 1 0 1 1 1 0 0 1 1 0 0 1 0 0 1 0 1 0 0 0 0 0 1 0 1 1 0 1 1 0 1 1 0 1 0 1 0 0 0 0 0 0 1 0 0 1 0 1 1 1 1 0 1 0 1 1 1 0 0
char 108 f n q m q e t c n n h j b m k s b f g d q n b o s h j p m m j a c q n j n o q n g d t e s e c e o g s s r k f d j i e k s f r b p k h k e p j g b g k m k e q p a h e j g p e m k j s f f k p n j g m c k s j b n p o i
int 108 37 17 63 8 81 83 5 60 69 37 8 84 3 87 62 42 45 88 26 80 89 74 22 89 75 20 77 31 94 56 12 69 2 63 51 84 7 26 40 72 22 13 66 71 80 34 71 70 48 74 4 59 46 18 61 6 18 63 39 31 63 80 92 59 66 92 5 9 80 94 26 14 89 84 62 74 81 58 1 18 69 43 80 72 86 47 5 82 4 23 67 4 90 56 11 54 51 28 10 5 42 63 70 12 64 94 99 30
int 109 50 48 50 11 46 85 3 18 62 91 99 61 38 82 2 96 64 81 53 8 3 78 31 87 55 91 19 59 52 73 1 57 53 15 43 72 31 97 25 64 36 36 65 42 70 49 54 40 42 20 89 52 39 25 20 50 79 95 2 58 81 1 47 8 83 19 69 84 95 52 37 25 94 17 82 89 70 70 22 86 82 42 74 38 69 32 29 96 80 8 64 78 77 56 5 72 45 27 55 42 27 26 78 76 89 47 68 50 85
char 109 p d l p d n o s r q t g h b s q i f d s b r e q e j i h f r j q g d l c q l c c n m s i j s h l n t h h n n a c h i m t s g n q q s i h n a g j n c i k l k h a b l g r b s p b f l m b b o a h a f g e g c s n g b o k g
