int 11 12 42 34 13 15 80 53 81 9 1 56
char 11 t h f q f d a e i p p
bool 14 0 1 1 1 1 1 0 0 0 1 0 1 1 1
bool 14 0 0 0 1 1 0 0 1 1 1 0 1 1 1
int 14 79 89 91 58 57 36 55 54 53 67 97 67 65 91
int 15 65 42 23 2 40 32 28 25 3 8 6 43 9 3 42
bool 15 0 0 0 0 1 1 0 1 0 1 1 1 0 0 1
int 16 85 6 67 15 36 70 82 15 50 26 65 90 32 55 13 46
bool 16 0 0 1 1 0 0 0 1 0 1 0 1 0 0 0 1
bool 17 1 1 0 1 0 0 1 0 0 0 0 1 1 0 1 0 0
double 18 0.06 4.76 8.08 0.02 8.5 9.15 5.75 4.53 9.22 9.29 3.03 4.09 8.92 0.78 7.26 1.23 9.82 1.71
bool 18 0 1 0 1 0 1 0 1 0 0 1 1 0 0 1 0 0 1
char 20 b e f c n d q s o i d t c d k t m r m c
int 20 53 56 45 45 1 27 42 77 94 46 84 27 56 68 36 14 85 60 60 98
char 20 a e o p d j g f d r m b s e c l a g k d
bool 22 1 0 0 0 1 0 0 1 1 1 1 0 0 0 1 0 1 0 1 1 1 0
int 22 81 22 90 43 82 82 46 57 42 48 55 59 1 16 22 50 26 37 84 27 43 39
bool 22 0 1 0 1 1 0 0 1 1 1 1 0 1 0 0 0 1 1 0 1 0 1
char 22 q n n p k c g g i h n r q p e g i n b r l q
char 23 k k n n i i n c l a f p b e o h i i f i s o d
char 26 e f t e p g t k a k b e j h c k e d a e i h b a c e
int 26 24 12 88 54 32 10 78 95 33 43 67 60 3 94 90 63 77 29 77 65 61 61 61 31 81 57
bool 27 0 0 0 1 0 0 0 0 1 1 0 1 1 0 0 1 0 1 1 0 0 1 0 0 0 0 0
bool 28 1 1 0 0 1 1 0 0 1 0 0 0 0 1 1 0 1 1 0 1 0 0 1 0 1 1 1 1
char 28 q r q t n d q d p p t b n m e p q d a j r d f c b r c s
double 28 3.27 4.32 7.78 3.31 0.76 7.97 5.49 9.61 4.96 9.97 3.52 4.17 4.46 0.69 3.85 8.48 7.69 8.75 0.15 9.91 8.38 1.9 7.75 7.11 2.72 2.77 7.76 8.82
int 29 73 73 48 34 51 93 92 74 68 41 21 78 76 82 38 98 35 41 12 44 74 24 95 73 69 52 42 41 88
bool 31 0 0 1 1 0 1 1 1 1 1 0 1 0 0 1 1 0 1 1 1 0 1 0 0 1 0 0 1 1 0 1
int 32 39 12 15 83 92 44 68 31 77 20 53 7 73 64 55 47 51 95 1 46 89 40 75 91 57 38 15 94 93 68 49 54
double 35 9.71 9.78 6.94 1.68 2.54 3.53 2.06 6.53 8.93 5.58 2.69 1 0.21 9.07 5.86 5.37 0.74 5.33 5.8 6.88 1.14 2.11 4.01 1.73 9.76 5.43 5.77 8.35 1.53 5.55 0.22 2.29 3.94 8.38 4.72
bool 36 0 0 0 0 0 1 0 1 1 1 0 1 1 0 1 1 0 0 0 1 1 0 0 0 0 1 1 0 0 1 1 1 1 1 0 0
bool 36 1 1 0 1 0 1 0 1 1 1 1 0 0 0 1 0 0 1 0 0 0 1 0 0 1 0 1 0 1 0 0 0 1 0 0 0
bool 36 0 0 1 1 1 0 1 0 1 0 1 1 1 0 0 1 1 0 0 1 0 0 1 0 0 0 0 0 0 1 1 0 1 1 1 0
bool 37 1 1 0 1 0 0 1 0 0 1 0 1 1 1 1 1 1 1 0 0 0 0 1 0 1 1 1 1 1 1 0 0 1 0 1 0 0
int 37 98 20 15 6 42 20 48 77 38 94 51 95 16 10 42 63 87 82 99 57 35 93 68 42 3 35 93 41 86 86 19 52 96 91 93 53 56
char 38 q g c t j e t e a s a p r d i d l i j m l i r f h g l g g s i t t q r t n m
char 38 k m n m l c n k r f a g d e c h r f h p i t t r c h l l j j t b i f r f n c
double 39 5.48 1.06 9.36 3.13 1.73 2.33 4.3 2.26 4.98 3.91 9.26 4.54 8.65 6.13 3.15 1.86 7.15 7.18 7.14 3.6 5.31 7.78 6.31 4.12 5.74 6.23 4.2 0.94 0.08 3.24 2.55 3.14 9.45 0.82 3.25 3.95 6.78 7.17 5.18
char 40 o f d c k p e b k s q e h l f d e m j f d l g t g l e s s o s q d a m p n s n e
int 41 27 8 89 66 22 10 51 42 15 54 21 35 88 58 34 35 64 54 86 6 50 50 26 36 10 12 42 91 77 56 81 76 59 61 14 97 52 81 28 78 16
int 42 42 86 89 61 70 59 58 22 82 48 23 71 46 26 74 2 48 23 93 12 71 14 13 63 97 66 11 98 63 86 20 24 41 5 88 8 29 96 19 78 18 52
double 42 7.31 9.91 0.39 7.62 5.39 5.95 4.18 8.19 0.55 8.18 4.82 9.9 1.96 5.2 6.11 2.52 9.39 3.03 2.66 0.85 1.08 5.61 0.52 9.43 0.69 8.12 9.54 5.41 9.7 6.64 8.04 5.43 4.37 4.29 0.24 9.68 9.41 4.69 5.61 1.06 5.67 9.85
int 44 56 90 30 93 18 39 15 99 48 15 64 52 57 6 8 73 3 27 79 18 52 31 37 51 40 55 66 26 23 50 67 95 40 82 51 63 31 75 95 57 33 37 46 89
char 45 i i r m o c j p q k i t n i c g f i o i e p k q o j a i k n a g j f e d i a o t s m t l f
int 45 58 92 87 74 2 74 40 31 78 85 54 94 77 97 13 13 91 94 50 88 36 20 45 90 59 82 19 70 25 94 12 94 7 61 51 6 13 23 70 91 40 13 36 58 41
bool 46 0 0 1 1 0 1 1 1 0 1 0 0 0 0 0 1 1 1 1 0 0 0 1 0 0 0 1 1 0 0 1 1 0 0 0 0 0 1 0 1 0 0 1 1 0 1
bool 46 0 1 0 0 0 1 1 0 0 1 1 1 0 1 0 0 1 0 0 0 0 0 0 1 0 0 1 1 1 1 0 0 1 0 0 0 0 0 1 1 0 1 1 0 0 1
int 47 9 86 49 9 99 21 47 79 81 62 79 50 35 9 40 57 74 70 68 51 33 55 18 56 7 47 94 86 78 22 99 57 92 76 94 95 30 9 63 14 45 14 98 43 83 86 35
double 48 7.55 7.24 0.77 1.35 2.16 0.07 9.92 8.59 9.35 9.32 7.71 2.28 6.99 0.56 7.51 5.07 2.21 8.73 1.37 6.22 6.95 3.99 4.3 1.54 2.97 7 9.41 1.93 3.97 6.12 0.42 8.12 1.28 8.83 8.94 1.11 5.67 4.14 7.62 9.17 8.36 6.91 5.72 3.97 5.46 3.02 8.14 3.96
char 48 h c o r f d d p i s r o r p e f h h d i g l r l l d n a b h e i j m j g h m j c o b j r j j m q
char 49 a q n d o n r p k c g s m l g g m a i r n s c a m s k b g d t i d b j i j s j d o a c h g h i p j
double 52 7.7 9.82 7.17 3.94 5.6 2.24 8.76 2.7 7.51 7.55 5.53 7.72 9.41 2.24 0.25 8.19 1.52 9.52 3.43 1.62 8.72 9.75 8.83 9.89 4.16 9.76 1.37 4.98 3.51 4.56 4.71 4.14 4 4.08 8.26 3.52 4.19 2.38 3.93 8.85 0.4 6.69 2.09 6.43 0.67 7.09 7.38 7.39 6.54 6.69 3.35 1.61
int 52 5 82 2 6 42 62 45 82 73 44 59 93 18 13 95 13 8 54 16 64 26 3 91 7 20 53 78 9 56 93 61 74 92 81 20 27 99 17 30 87 68 69 51 92 72 44 10 94 76 2 1 83
double 52 8.63 7.03 0.91 8.15 0.13 9.13 0.04 0.06 1.36 7.55 5.72 1.49 1.92 4.7 2.54 1.1 3.07 9.58 8.57 0.46 5.52 3.45 0.2 3.68 4.61 7.44 2.28 8.14 9.75 5.68 6.02 3.64 6.02 1.21 9.12 1.93 4.73 8.11 3.07 8.23 1.64 6.28 9.68 4.39 4.42 8.3 8.61 5.46 3.18 5.95 4.42 7.74
int 54 12 38 86 63 2 96 80 43 73 52 99 36 37 87 24 35 79 3 91 14 1 17 33 4 85 71 34 35 69 27 55 78 4 6 61 37 17 43 84 26 7 59 78 41 7 23 44 88 13 63 76 99 26 50
double 56 2.72 9.58 3.87 0.95 2.21 7.7 5.34 2.69 0.15 3.26 0.32 7.6 8.46 3.29 7.06 4.02 5.22 2.18 2.42 2.78 2.88 5.85 0.85 9.97 2.02 4.5 0.9 4.48 6.79 7.66 1.15 7.41 6.5 5.78 8.46 5.43 8.71 7.8 2.59 0.81 0.61 2.52 3.52 2.28 3.95 5.76 4.39 6.91 7.77 1.21 6.06 9.74 8 3.82 4.58 0.65
bool 56 1 1 0 1 0 0 0 1 1 1 0 1 1 1 0 0 1 0 0 0 0 1 1 1 1 1 1 1 0 0 1 0 1 1 0 0 1 0 1 0 1 0 1 0 1 0 1 1 1 0 0 0 0 1 1 0
char 58 i d i r j a f b o d e k a j k l c c g i a n q c a i j m h d e l k l c e o p g p c t p b b k p r g e a d l p k a e t
char 58 i g f d l j n t p q p i j s o d o b f j s n o c a s b k q i r t l i l b r k c i p o i e s o t i f n i r p l k e g q
int 58 26 50 19 11 68 62 67 85 43 85 22 88 66 43 30 27 94 35 53 69 47 44 91 77 11 80 27 89 97 79 89 12 24 65 28 55 49 88 29 94 33 68 25 6 60 9 35 78 94 2 96 74 2 51 29 96 38 74
bool 58 0 1 1 0 1 1 0 0 1 0 0 1 1 0 1 1 0 0 1 0 1 0 0 0 0 1 1 1 1 0 0 1 1 1 1 1 1 1 1 0 0 1 1 0 0 0 0 1 1 0 1 1 0 0 1 0 0 0
bool 60 1 1 0 1 0 0 1 1 1 1 1 1 0 1 0 0 0 1 1 1 0 1 0 0 1 0 0 1 1 1 1 0 1 1 0 0 1 1 1 0 1 0 1 1 0 1 0 1 0 1 1 1 1 0 1 0 1 1 1 1
int 60 87 6 30 9 45 84 30 69 32 22 73 67 90 40 17 69 54 48 17 28 48 24 61 17 99 33 22 52 41 71 76 25 74 29 34 43 57 71 50 69 41 44 55 79 71 95 92 16 92 45 58 70 60 47 84 19 82 70 4 8
int 64 41 3 5 74 12 74 8 64 83 18 27 2 64 62 27 98 72 22 94 80 88 97 94 17 14 95 4 16 49 93 9 78 21 59 91 32 52 63 71 77 56 13 49 94 57 44 21 97 91 54 51 68 70 23 47 23 68 20 52 42 36 52 9 99
double 65 4.75 3.86 8.96 3.35 7.41 2.94 7.33 9.1 6.91 7 0.64 5.22 3.46 6.79 8.32 7.07 6.9 2.33 8.26 5.99 2.05 1.66 6.44 2.43 3.56 7.4 3.24 4.42 8.58 0.93 4.34 6.58 5.23 4.67 7.16 1.37 9.53 5.83 7.33 3.59 0.75 1.83 1.18 0.16 9.39 3.84 1.56 0.68 1.13 9.92 7.85 8.67 0.84 5.12 5.18 1.32 2.62 4.36 5.33 0.75 2.84 3.89 8.54 0.56 8.89
int 66 81 42 24 14 24 61 90 7 41 82 19 17 27 41 87 20 63 39 4 46 80 31 96 83 45 44 36 12 34 71 28 29 89 18 5 25 21 54 47 6 14 64 23 60 5 58 97 43 14 79 70 11 70 7 15 81 70 16 93 84 88 66 3 92 48 10
bool 67 0 0 0 1 1 1 1 1 1 0 0 0 1 1 1 0 0 0 0 1 0 0 0 0 1 0 0 1 0 1 1 1 1 1 1 1 0 1 1 0 1 0 0 1 1 0 0 0 1 0 0 1 0 0 1 1 0 0 1 0 1 1 1 1 0 1 1
int 68 96 95 63 9 32 65 91 53 20 20 12 20 72 34 18 97 47 53 64 70 19 14 9 95 44 96 8 1 59 2 6 48 47 70 23 43 18 89 47 47 87 79 18 8 8 17 57 99 91 24 51 70 61 68 53 2 9 63 38 92 85 48 62 33 21 65 84 62
bool 68 1 1 0 0 0 1 1 0 1 0 0 1 0 0 1 1 1 1 0 1 0 0 1 0 1 1 1 0 0 0 1 0 1 1 1 1 0 1 1 0 0 1 1 0 1 0 0 0 0 0 0 0 1 0 1 0 1 1 0 0 1 0 1 0 0 1 1 0
char 69 h t j t e a q g c k g p t c b r o h m f q m h k h n h t l q m f h j r t m m s s f g s m k n r o n p e r p r e a f e b c e q s q j o s q b
char 70 o i a p t m r h q c k q j c r b c n g m m o b a l p s a j f g h r k g l k n f k s c e j h j t g t n i a b l c b h f d f q l g l a e d n a d
int 70 74 82 60 51 91 42 15 40 9 23 90 26 46 15 23 46 36 17 24 90 89 42 39 56 17 29 80 85 54 52 80 25 20 83 49 3 41 47 72 5 62 93 85 98 17 53 63 49 63 73 57 81 48 3 7 50 22 84 88 89 44 92 80 56 98 27 78 96 63 25
bool 70 0 1 0 1 1 1 1 1 0 0 1 1 1 0 1 0 1 1 0 1 0 1 1 1 0 0 0 0 1 1 1 1 1 1 0 1 0 1 0 1 1 0 1 1 0 0 0 0 1 1 1 1 1 1 1 0 1 1 0 0 1 0 1 1 0 0 1 0 1 0
int 74 25 65 41 61 49 28 17 61 35 59 29 51 41 60 99 66 39 30 38 13 22 85 16 13 36 44 65 77 29 69 22 12 56 64 77 57 52 30 55 6 87 92 78 83 35 61 19 88 56 8 47 86 19 64 81 47 96 46 84 87 50 97 38 42 3 77 78 79 58 80 68 55 6 11
char 77 f m i l e c t n t g g q m d h d i a n j k t k a s d o n t q j d r e g n k k l l m m q c f p f j t l s f k p j j b b q c e t g p i f s f f e d c j m q r b
double 78 3.98 1.68 8.54 1.6 5.82 4.85 7.91 8.96 8.49 1.38 8.42 6.28 0.47 7 9.3 2.86 8.87 6.37 9.72 3.57 0.25 8.71 7.57 8.24 9.94 6.46 9.83 2.16 0.04 2.37 2.19 4.64 9.81 1.67 6.05 5.39 6.67 9.69 4.72 9.7 7.39 3.65 1.89 3.72 5.21 1.19 0.57 2.47 9.01 6.72 2.22 9.49 2.6 4.48 6.51 6.93 9.99 8.92 7.81 1.33 5.82 5.35 1.06 1.41 7.7 1.3 5.16 6.08 4.69 2.79 4.39 9.45 5.36 8.32 4.03 0.53 2.65 1.24
char 79 l b b j c h s c c l i h t k g h g i t k s l a q e t j d q e t i l r o s q e k b b j j n l f h f a p g g f b b m n o h f j n d e a d o l a h j k p a k j d g t
double 81 7.66 4.16 0.11 7.32 6.45 3.91 8.45 8.9 2.66 7.05 0.21 8.01 6.34 3.74 8.95 0.09 6.16 0.9 1.19 6.84 8.5 8.23 1.04 7.17 6.11 0.08 6.63 7.41 3.68 3.72 8.88 4.12 2.81 1.05 5.73 6.52 9.59 5.46 8.56 8.89 7.13 3.43 8.13 0.67 4.59 6.47 9.71 8.25 1.1 6.12 0.61 3.52 6.58 0.08 9.86 5.49 0.81 1.84 2.55 8.56 7.03 2.27 1.17 3.14 6.51 9.15 0.17 4.18 0.8 4.51 6.94 6.92 4.2 9.37 1 3.03 7.43 5.88 0.03 5.21 4.52
char 82 r d g m d d o t s m e k b a j c l r q r k r q i e r h j q s t t h r g m s t q e l n r b f k p n m b l l h r c s g a f f g q j g r l q j r c g j i m p c p a s o d r
bool 83 0 0 0 0 1 0 0 1 0 0 0 1 0 0 0 0 0 1 0 0 0 0 1 0 1 0 0 0 1 1 0 1 0 0 1 0 0 1 0 0 1 1 0 1 1 0 0 0 1 1 1 1 0 1 0 1 0 0 0 0 1 1 1 1 0 0 1 0 1 1 0 1 1 0 0 0 1 0 0 1 0 0 0
int 87 42 89 59 4 55 89 26 76 87 61 90 20 31 38 38 60 77 64 91 45 63 63 28 88 30 2 54 45 59 8 98 91 21 83 2 36 52 71 61 9 82 72 12 55 99 87 78 54 19 17 32 93 67 9 95 63 32 8 46 22 99 55 21 57 85 29 30 45 86 59 98 9 1 71 25 99 20 49 32 99 80 77 94 70 25 20 49
char 87 s f b l t n s h f l m b m i s e p a s b c p m o k j a t o k k b d f c p r e n h s j j k o e k o c b o k e i d r k c s r a n n l k e f o j q k n k g c t l p k b r t n f b a l
double 87 8.13 8.45 5.72 2.95 1.4 1.34 5.07 7.47 8.42 8.71 2.21 7.84 9.58 5.83 9.82 8.65 8.24 1.39 6.02 8.73 0.55 3.61 6.34 1.9 8.53 8.55 6.86 1.34 9.27 9.47 2.45 7.47 3.36 2.64 0.54 1.4 7.65 8.36 8.44 8.28 6.73 0.57 4.7 9.83 0.23 3.18 3.4 7.98 8.15 9.7 7.25 3.07 2.01 6.86 9.25 9.95 6.13 1.83 1.62 8.62 5.51 6.73 0.7 7.53 0.73 8.96 1.56 9.02 1.09 8.13 3.32 4.26 9.13 3.95 9.96 1.75 7.68 4.04 3.49 5.12 9.6 5.67 8.67 7.08 7.9 9.57 6.32
double 90 2.62 2.97 2.53 4.15 3.04 9.98 3.43 7.52 9.91 6.88 1.92 5.23 4.09 5.77 6.68 7.41 9.92 0.02 9.16 2.72 8.76 8.17 2.2 5.84 8.47 2.28 5.18 3.46 1.73 4.39 6.5 2.86 6.12 6.02 1.77 0.3 1.01 4.26 4.99 1.72 7.77 5.54 8.7 0.74 8.4 8.77 1.5 9.49 4.13 3.82 4.98 9.13 8.25 6.06 9.6 7.22 4.59 7.44 2.8 2.93 6.16 4.94 2.79 9.67 5.17 6.46 7.58 9.15 6.86 6.93 7.87 8.07 9.45 0.03 3.62 3.32 3.43 3.73 2.58 5.15 8.61 6.67 3.81 3.37 1.51 8.77 8.6 4.36 1.29 2.09
bool 92 0 1 0 1 0 1 0 0 0 1 1 1 1 0 0 1 0 0 0 0 1 0 1 1 0 0 1 1 1 1 0 0 0 0 1 1 1 0 1 0 1 0 0 0 1 0 0 1 0 1 1 1 0 0 1 0 0 0 0 0 0 0 0 0 1 1 0 1 1 0 1 0 1 0 1 0 1 1 0 1 1 0 1 1 0 0 0 1 0 1 1 0
bool 92 0 0 0 1 1 1 1 0 0 0 1 0 1 1 0 1 0 1 1 1 0 1 0 1 1 1 1 0 1 0 1 0 1 1 0 1 1 1 0 0 1 1 0 1 0 0 1 1 0 0 0 0 0 0 1 0 1 0 1 1 0 0 1 0 1 0 0 1 0 0 0 0 1 1 0 1 0 0 1 0 0 0 1 0 0 0 1 0 0 1 0 1
double 93 8.04 7.68 4.04 1.96 5.83 6.46 0.44 3.45 8.94 4.88 9.46 8.97 2.34 4.64 5.68 9.33 2.24 6.48 4.66 3.61 3.66 1.42 3.68 4.57 3.23 4.71 3.34 1.41 8.68 1.6 8.89 8.67 7.92 2.66 1.06 3.98 2 9.11 4.11 6.92 7.21 2.93 5.2 0.47 5.05 2.61 0.11 9.76 0.29 4.86 5.66 9.96 2.38 3.32 1.45 8.84 1.2 0.44 5.32 7.87 8.61 6.84 5.26 3.38 4.13 9.84 0.16 9.85 7.15 9.3 2.36 3.98 0.31 7.28 7.82 6.35 3.52 3.06 6.33 0.05 1.77 3.8 8.75 1.27 4.73 6.45 3.9 9.81 3.51 7.36 5.7 6.26 9.34
int 93 64 31 14 97 86 42 97 53 49 51 84 45 63 78 87 65 37 56 47 82 24 6 26 1 86 87 20 50 28 75 62 86 80 65 53 67 76 23 84 84 83 35 95 74 68 41 18 34 58 10 13 55 70 38 83 16 15 86 5 5 66 14 89 22 50 52 80 54 68 85 81 63 13 31 1 93 40 8 40 71 9 81 16 3 9 87 62 46 39 39 70 93 97
bool 95 1 0 1 1 0 1 0 1 0 1 1 0 1 0 0 1 1 0 1 0 0 0 0 0 1 1 0 1 1 1 1 1 1 1 0 1 0 1 0 0 1 1 0 0 0 0 1 1 1 1 1 1 1 1 0 0 1 0 1 1 0 0 1 1 0 0 1 0 0 1 0 1 1 0 0 0 1 0 0 0 0 0 0 0 1 0 1 1 1 1 0 1 1 0 0
char 95 i o o m s c e j l q f t n n i i r t i m o k m j a a o o q r a m h r d c r m p g l n n n t s g k d c j p t p k t a i r n q e d h j q q g a m b l s j e p g l j m f h i s g k n f p n l t f h q
bool 99 0 0 0 0 0 0 0 1 1 0 0 0 0 1 1 1 0 0 1 0 1 1 1 1 0 0 0 0 0 0 0 0 0 1 0 0 0 1 1 1 0 1 1 0 1 1 1 0 1 1 1 1 0 0 0 1 1 1 1 1 0 1 1 1 0 1 1 1 1 0 1 0 1 1 1 1 1 0 0 1 0 1 1 0 0 1 0 1 0 0 1 0 0 0 0 1 0 0 1
int 99 40 60 93 48 83 88 45 78 52 53 53 58 58 60 54 78 12 72 45 47 56 54 45 84 57 65 12 19 10 93 30 78 99 65 67 19 87 67 82 30 85 30 28 96 88 85 79 17 67 88 42 93 49 29 70 20 56 64 34 17 10 78 58 88 91 4 82 80 41 27 25 82 61 30 73 63 16 64 54 69 24 77 47 77 72 37 27 10 59 92 80 60 13 45 31 62 99 52 52
int 102 97 14 64 48 62 29 23 47 4 25 63 94 62 12 73 94 92 94 61 31 88 81 31 13 67 19 86 67 68 99 26 79 33 56 1 78 66 16 36 25 16 59 67 23 10 32 54 36 51 72 17 62 38 32 82 76 94 30 75 72 72 44 87 40 87 2 30 37 99 93 78 1 13 95 46 33 60 78 58 12 14 21 83 77 16 22 50 62 99 28 18 62 65 7 71 67 45 91 51 1 91 93
bool 104 0 0 0 0 1 0 0 1 0 1 1 1 0 0 0 1 0 0 1 1 0 1 0 1 0 1 1 0 0 0 1 1 1 0 1 1 0 1 0 1 0 0 0 0 0 0 1 1 1 0 1 1 0 0 1 0 1 1 1 1 0 0 1 1 1 1 1 1 1 1 1 1 1 0 1 0 0 0 0 0 0 1 0 0 0 0 0 0 0 1 1 1 1 0 1 0 0 0 1 1 0 0 1 1
double 104 4.71 6.87 5.91 7.5 0.54 3.98 9.74 2.14 6.83 4.79 9.63 4.02 6.31 7.63 7.88 8.83 6.73 5.08 3.9 6.82 5.71 3.24 7.01 5.08 2.24 4.73 1.59 2.07 9.88 7.18 3.69 9.66 5.65 4.8 3.58 9.27 8.07 8.55 4.88 3.01 7.07 7.1 8.88 0.24 1.19 0.72 1.06 7.79 6.74 0.78 9.98 7.47 1.41 9.23 6.53 1.4 0.36 0.91 0.09 1.45 8.15 7.24 8.59 1.22 5.65 0.54 5.77 7.16 1.57 1.31 9.6 8.87 4.8 0.13 0.32 8.83 3.98 7.17 3.4 7.19 6.61 2.83 1.38 1.76 1.52 7.36 9.29 6.33 2.79 9.54 6.36 8.41 5.04 0.82 7.82 5.88 2.19 2.95 4.4 1.81 1.33 9.09 6.03 2.93
int 106 34 62 34 75 84 36 38 38 15 50 49 18 21 15 47 29 15 60 22 78 41 1 53 76 75 57 33 5 89 76 1 79 50 3 82 44 7 15 33 41 88 20 16 45 95 45 70 56 39 82 72 45 98 44 40 84 38 44 99 76 23 97 10 25 6 24 97 28 27 82 57 69 10 66 1 4 60 27 12 40 43 5 46 97 39 33 64 20 97 53 18 88 21 43 22 33 3 83 6 91 83 29 10 19 92 8
char 107 e o d b s b e g k d f t l l m o n c o j s k o a j i o q i o g r l r p m a f b f q l t h n b e k d n t r o h q q d i e k m h r g d i t e n m g b e r q b t s p e f i m o m c i r o i t a c d l o t n b f l f n q p b t
double 107 9.97 4.3 8.64 9.03 3.05 3.36 2.7 6.68 5.84 9.54 8.93 3.43 5.13 9.99 3.56 5.55 1.71 8.93 8.34 0.03 7.58 1.61 4.73 7.24 9.32 8.24 5.26 2.75 6.75 5.76 6.11 5.18 3.45 7.07 0.24 1.3 0.98 4.37 5.73 2.56 4.18 1.43 6.32 5 2.99 5.76 4.69 0.6 7.4 8.04 7.87 0.72 9.07 2.97 3.3 9.27 9.88 3.02 0.1 3.3 0.71 8.39 9.12 4.44 6.29 1.06 3.69 4.49 5.06 0.94 8.93 2.12 1.26 7.63 6.35 0.4 0.03 2.07 8.01 2.5 2.57 8.26 8.79 8.9 7.35 9.93 7.26 1.41 6.46 4.59 0.56 8.89 2.29 1.03 4.71 2.99 0.57 6.28 0.24 7.74 4.62 6.89 2.32 7.62 5.25 6.78 4.66
double 108 2.81 8.39 7.82 6.98 7.23 4.61 1.65 5.17 2.83 8.66 8.05 6.75 9.4 7.5 1.99 2.96 4.67 0.15 7.41 1.08 0.59 3.16 6.56 4.47 9.59 0.74 3.7 7.13 7.02 3.95 8.77 6.45 9.89 6.88 1.47 0.71 0.58 9.18 1.61 6.23 0.58 2.62 3.18 1.87 9.01 3.47 2.73 6.95 3.97 5.23 0.35 7.12 8.78 2.76 4.63 3.12 6.4 7.52 2.9 3.28 4.45 0.07 5.43 1.38 5.49 0.84 8.97 2.47 2.91 6.86 9 2.07 9.41 8.78 9.03 8.12 8.45 8.16 3.7 3.91 1.73 7.83 1.64 7.32 9.19 9.57 0.14 3.77 2.31 2.55 4.67 2.37 9.99 4.65 2.46 1.64 6.98 0.81 3.2 0.64 9.76 3.96 1.49 2.98 6.96 1.12 8.25 8.93
double 109 8.88 9.52 6.28 3.32 1.1 1.73 2.92 9.05 3.93 1.87 8.55 6.79 3.55 6.54 0.05 6.86 9.42 1.09 4.04 3.22 7.02 1.78 6.14 3.96 9.24 6.45 8.4 1.04 2.25 1.65 9.81 3.83 3.86 2.53 1.53 4.43 1.15 8.15 9.54 4.4 1.28 4.66 0.83 6.63 7.37 7.03 6.87 5.53 4.05 0.05 8.57 0.01 6.46 2.03 2.27 7.95 5.88 8.77 8.29 9.23 8.62 8 0.2 0.91 4.19 4.79 4.92 3.61 9.04 7.64 8.87 9.47 9.26 7.16 7.71 6.97 6.26 7.36 3.64 9.79 9.2 1.17 0.78 9.19 5.03 4.54 5.15 1.54 0.37 0.95 2.99 6.66 8.36 3.2 6.95 9.82 5.72 5.85 5.91 2.56 0.9 4.62 7.31 4.49 3.38 3.99 7.23 0.55 7.44
