char 11 t p g m s p t o d j a
int 11 88 46 48 21 27 46 74 97 30 17 44
int 11 39 71 24 25 85 49 89 36 30 25 91
double 12 8.95 6.32 1.98 7.25 7.87 5.7 3.92 7.3 7.87 4.94 1.11 3.31
bool 13 0 1 1 1 1 1 1 1 1 1 1 0 1
bool 17 0 1 1 0 0 0 1 0 0 0 0 0 1 1 1 0 0
int 18 11 25 80 20 20 17 87 98 57 47 48 56 12 65 12 55 7 26
char 18 i s r d s i j g i g t p j q i q t e
char 20 b e f c n d q s o i d t c d k t m r m c
char 20 a e o p d j g f d r m b s e c l a g k d
char 21 k p j o d o o o o d p r r h c o m t t d r
bool 22 1 0 0 0 1 0 0 1 1 1 1 0 0 0 1 0 1 0 1 1 1 0
double 23 1.99 1.05 5.2 3.64 1.45 4.89 4.7 8.44 1.13 7.92 6.3 1.69 8.97 6.01 3.87 7.93 2.51 5.27 2.94 2.13 1.62 9.82 6.09
bool 24 0 0 1 0 0 1 0 1 1 1 1 1 0 1 1 1 1 1 1 1 0 0 1 1
bool 24 0 0 0 0 0 0 1 0 1 0 0 0 1 0 1 0 1 1 0 0 0 1 1 1
int 25 81 53 82 69 46 48 29 52 56 29 36 93 76 35 78 82 24 36 60 96 19 45 28 36 45
char 27 j q e p f s d d e g p k p h d m l e h q r l k d a t k
double 28 3.27 4.32 7.78 3.31 0.76 7.97 5.49 9.61 4.96 9.97 3.52 4.17 4.46 0.69 3.85 8.48 7.69 8.75 0.15 9.91 8.38 1.9 7.75 7.11 2.72 2.77 7.76 8.82
bool 29 0 0 1 1 0 1 1 0 0 0 0 0 1 0 0 0 0 0 0 1 1 0 1 1 0 1 1 0 1
bool 30 1 0 0 0 1 0 1 0 0 0 0 1 0 1 1 1 0 0 1 0 0 1 1 1 1 1 0 0 0 1
bool 30 1 0 0 0 0 1 0 1 1 0 1 1 0 1 1 0 1 1 1 1 1 0 0 0 1 0 0 1 1 0
int 31 19 42 5 35 45 37 35 52 86 29 46 73 86 46 6 28 16 85 77 96 94 26 78 82 96 85 93 34 17 64 50
bool 31 0 0 1 1 0 1 1 1 1 1 0 1 0 0 1 1 0 1 1 1 0 1 0 0 1 0 0 1 1 0 1
int 33 8 34 95 67 92 60 63 93 52 23 26 5 62 19 33 61 41 56 24 42 20 49 26 23 5 99 69 68 29 20 3 18 44
bool 34 1 0 0 1 0 0 0 0 0 1 1 0 1 0 1 0 0 1 1 1 0 0 0 0 0 0 0 1 1 0 1 1 1 0
bool 37 0 1 0 1 1 1 1 1 0 0 1 0 0 1 0 0 1 1 1 1 1 1 1 0 0 0 0 0 0 1 0 1 1 1 1 0 1
double 37 2.9 6.71 3.25 6.64 3.16 1.39 1.63 8.86 3.25 7.83 7.22 0.67 0.17 4.32 9.42 0.83 8.82 5.02 2.05 6.49 3.97 9.55 3.41 5.21 4.5 2.81 8.1 2.94 4.31 0.62 5.98 6.13 5.93 3.99 8.27 9.42 7.59
char 38 q g c t j e t e a s a p r d i d l i j m l i r f h g l g g s i t t q r t n m
int 39 63 34 30 70 14 41 17 60 9 49 72 33 61 42 16 32 99 58 38 14 66 27 99 64 16 56 59 29 92 35 22 51 91 96 33 52 52 58 43
double 40 8.88 8.87 1.74 3.92 6.77 4.83 3.02 2.68 0.56 6.21 7.4 3.88 9.68 4.83 3.27 9.29 5.1 9.02 8.85 6.1 8.81 7.83 2.35 0.41 7.05 2.33 8.64 1.28 7.49 0.52 3.9 4.16 5.62 2.82 0.3 7.97 9.14 8.11 6.1 3.46
bool 40 1 1 1 1 1 0 1 0 0 1 1 0 0 1 0 0 0 1 1 1 1 0 0 0 0 1 1 1 0 0 0 0 0 1 1 1 0 0 0 0
double 42 7.31 9.91 0.39 7.62 5.39 5.95 4.18 8.19 0.55 8.18 4.82 9.9 1.96 5.2 6.11 2.52 9.39 3.03 2.66 0.85 1.08 5.61 0.52 9.43 0.69 8.12 9.54 5.41 9.7 6.64 8.04 5.43 4.37 4.29 0.24 9.68 9.41 4.69 5.61 1.06 5.67 9.85
double 43 3.62 9.58 6.56 3.62 1.72 7.93 3.14 2.26 0.88 2.96 8.14 8.66 3.79 7.8 5.3 9.63 1.7 2.06 5.93 3.42 1.85 6.81 5.79 8.08 4.07 7.27 6.15 4.53 2 3.04 3.43 8.28 0.15 6.84 4.51 6.98 3.58 9.08 0.8 9.73 1.67 6.28 9.05
char 43 s o c t q s d o d t m k m m n i t b n h h t g l q k r o r o d e t o j m f c t q l m s
bool 43 1 0 0 1 1 1 0 1 1 1 0 0 1 0 0 0 1 0 0 0 1 0 1 1 0 0 0 1 0 1 0 0 0 0 1 0 1 1 1 0 1 0 1
char 44 g r o r r f s q m m g t b r p h d i l n i f h i n f q q e a m a g r g h j f n f g d d c
char 45 i i r m o c j p q k i t n i c g f i o i e p k q o j a i k n a g j f e d i a o t s m t l f
char 45 j f o g q j q j n o e c o h f g i b d n f c m g q r i r n h b f a i b a e q q h k l p c t
int 46 85 29 77 56 48 34 44 38 22 63 14 33 40 87 83 18 17 69 35 13 81 18 52 34 33 32 73 34 56 96 75 18 20 86 93 74 58 30 67 16 94 29 99 56 82 52
bool 48 1 0 0 0 0 1 0 1 0 0 0 0 0 0 1 1 0 1 0 0 1 1 1 1 1 0 0 1 0 1 1 1 1 1 1 1 1 1 1 1 1 1 0 0 0 1 0 0
bool 50 1 1 1 0 1 1 1 0 1 0 0 1 0 1 1 1 1 0 1 0 1 1 0 1 1 0 0 0 1 0 1 1 1 0 1 1 0 1 1 1 0 0 1 0 1 1 1 0 1 1
char 50 p t d q m j d b j c b t h c p s t b b t t d p s a h b n f i i i q r k q g p o p q f n m o h c l r o
int 54 27 11 53 72 79 77 81 52 25 95 31 31 62 58 75 17 59 97 88 50 38 96 63 7 98 52 45 49 65 28 22 13 78 29 44 11 9 26 22 50 80 14 21 15 77 43 80 36 38 13 41 50 58 78
int 55 82 97 69 62 95 15 63 65 88 34 69 63 90 48 42 95 31 58 19 55 55 8 64 67 43 53 25 47 28 60 91 75 13 40 3 29 73 66 25 78 1 35 85 87 88 31 25 56 54 48 81 25 2 79 97
int 56 71 19 43 74 44 76 54 25 97 57 36 78 3 26 71 82 25 54 18 94 82 57 70 88 90 32 58 65 51 86 50 26 56 78 87 61 58 51 45 67 70 51 8 17 41 1 59 5 75 82 26 68 44 76 26 92
double 58 0.41 9.38 7.43 8.05 2.88 9.53 0.19 2.8 1.84 8.92 9.6 4.74 9.45 8.67 9.95 1.27 9.73 2.51 3.88 0.94 5.3 3.25 1.4 2.1 4.18 4.99 2.58 0.13 6.8 0.58 9.58 2.89 3.03 0.05 5.98 8.36 2.07 2.07 6.45 4.69 7.47 3.21 9.61 7.35 7.8 7.15 7.68 2.99 4.75 7.3 2.27 7.43 5.21 7.46 6.31 4.06 8.28 7.86
bool 58 0 0 0 0 1 1 1 0 1 0 0 1 0 0 1 1 1 0 1 0 1 1 0 1 1 1 1 0 0 1 1 0 0 1 0 1 0 1 1 0 1 1 0 0 0 1 0 0 0 1 0 0 1 0 0 0 1 0
int 59 24 95 19 91 73 86 12 40 88 92 75 46 50 76 36 70 85 77 31 69 75 25 47 89 99 12 1 6 16 32 79 23 45 34 32 16 45 51 7 79 20 8 38 39 14 17 6 91 10 94 22 74 63 57 60 24 30 82 76
bool 59 1 1 1 0 1 1 1 1 0 0 0 0 1 1 1 1 0 1 1 0 1 1 1 1 0 0 1 0 1 1 1 1 0 0 1 1 1 0 1 1 1 1 1 1 0 0 0 0 0 1 0 1 1 1 1 1 1 1 0
char 59 i j j h f n b b a s p e j n c m g l k s g h j m j i g p k f f k r a n s i p m a o h s n i a m c b e b f k f a j o n q
double 61 8.11 5.49 5.86 2.57 2.41 7.97 4.77 4.88 0.84 8.92 8.65 8.78 0.99 0.18 0.47 2.12 6.98 9.85 0.37 9.1 8.84 5.7 6.81 9.69 6.27 3.57 2.32 4.57 6.63 8.88 7.8 6.36 2.48 8.46 8.73 0.26 0.18 9.17 6.96 4.51 0.81 2.79 9.87 7.12 1.8 6.79 7.95 6.26 8.31 4.38 1.47 6.69 1.86 7.99 6.76 8.85 5.37 4 4.94 2.38 6.44
char 61 p h f l h c b t q o e e a j i f f a r e i h r t p m j b c s k m h c i n g h o k s g t e m f s f i i f h g b i t q k o c e
double 62 7.19 9.57 9.72 7.65 4.68 8.79 0.05 9.25 0.83 8.07 8.85 0.33 1.93 6.49 7.09 2.87 8.17 6.76 6.06 8.04 2.59 5.91 1.43 9 7.44 4.28 7.54 6.02 9.75 1.64 6.14 6.46 1.08 5.02 5.12 4.14 6.14 3.21 0.78 2.23 6.42 9.49 6.12 4.23 0.17 2.91 8.38 5.51 7.01 4.34 4.16 9.52 8.13 7.7 7.66 1.03 1.29 0.51 4.1 1.96 6.95 2.58
char 64 l s p m q b b q k r n n f s a r e e s s r m c f r i m t a s q o p t t c i g l a c l g t r n f l d q j i c q h e p p b j s l c j
int 64 41 3 5 74 12 74 8 64 83 18 27 2 64 62 27 98 72 22 94 80 88 97 94 17 14 95 4 16 49 93 9 78 21 59 91 32 52 63 71 77 56 13 49 94 57 44 21 97 91 54 51 68 70 23 47 23 68 20 52 42 36 52 9 99
char 65 d t j t t k c p b d t q o p g f f g j m d r k k m a i p m f s q h i q l t p j n f p e t b i r d t b k m a a r f p e j t f e b j l
char 65 c l i n p c n s s q i n g e b t o k q a k e g t m e s p r j s o a m b l d i i t j e k f e t g i b q t j s o k j f q m t k c i g q
int 66 32 4 74 94 90 64 77 56 67 60 46 90 53 77 25 73 73 6 46 79 31 54 84 85 38 61 64 51 97 49 34 40 85 9 42 48 61 3 58 58 71 40 4 70 69 11 73 48 51 43 5 24 54 27 72 6 4 46 69 28 69 40 90 38 32 20
int 66 79 80 44 58 70 39 73 82 86 23 67 88 66 22 29 58 71 97 48 9 74 58 8 82 7 11 49 54 69 63 19 48 76 15 73 30 19 62 18 59 99 18 68 24 81 58 13 34 7 57 81 21 73 91 94 64 26 25 6 43 87 11 66 21 3 91
int 69 96 75 95 45 55 3 26 56 86 62 13 96 60 16 31 50 83 61 58 5 25 45 8 11 18 38 92 3 87 25 64 81 11 44 49 12 67 34 28 88 70 47 21 45 77 65 43 60 1 79 7 30 99 98 70 21 20 28 16 62 3 16 73 37 60 18 61 38 92
double 70 2.03 3.37 2.41 8.39 4.49 8.99 0.24 7.46 3.54 6.51 6.86 7.42 4.34 9.49 2.86 2.3 3.3 6.12 9.39 0.88 4.72 4.97 0.84 0.47 7.54 2.45 5.74 3.63 0.24 7.6 9.79 0.26 2.86 8.6 2.38 7.95 0.59 9.96 5.34 5.12 5.14 2.28 7.01 2.91 0.16 1.12 5.12 9.87 0.53 1.8 4.88 9.18 7.77 1.26 1.48 1.02 9.75 6.48 9.2 1.72 5.51 8.38 0.79 0.69 3.78 8.66 8.03 9.37 3.64 7.9
bool 71 1 1 1 1 1 0 0 1 1 0 1 1 0 0 1 0 0 0 0 0 0 1 1 1 0 1 0 0 0 0 0 1 1 0 1 1 1 0 1 0 1 1 1 1 0 0 0 1 1 0 0 0 1 1 1 0 0 0 1 0 0 0 0 1 0 1 0 1 1 1 0
double 71 8.61 7.65 2.32 9.67 2.23 4.67 8.87 1.22 7.26 4.1 0.27 1.9 6.57 7.06 8.23 2.35 0.29 3.86 4.59 1.75 3.01 0.02 2.01 0.21 3.03 6.1 1.47 2.19 5.6 2.67 1.84 2.41 0.5 2.16 6.98 6.02 2.18 4.79 2.1 9.12 0.97 1.35 5.39 8.96 0.03 6.3 3.82 3.88 2.86 8.65 4.38 7.28 8.46 7.52 6.86 8.33 1.71 6.13 1.53 5.63 0.46 9.7 5.8 0.29 9.17 7.41 8.28 8.16 5.63 3.95 2.17
bool 72 0 1 0 1 0 0 1 0 0 1 1 1 0 1 0 1 1 0 0 0 1 0 0 1 1 1 1 1 0 0 1 0 1 0 0 1 1 1 1 1 1 1 1 1 0 1 1 1 0 1 1 0 1 1 1 1 0 0 0 1 0 1 1 0 1 1 1 1 0 0 1 1
int 74 16 89 16 78 74 6 72 73 17 72 44 8 87 71 90 20 23 11 83 19 19 55 70 66 22 74 24 84 45 66 87 68 47 70 24 79 11 60 75 84 59 87 54 8 84 88 27 31 61 36 18 44 46 99 99 62 74 16 38 47 29 94 83 28 93 92 23 33 93 53 3 16 51 83
int 74 16 7 89 18 95 53 2 22 28 18 28 34 80 61 60 23 68 76 60 49 16 89 59 16 90 26 17 17 84 33 20 95 29 24 18 70 61 7 52 53 63 94 75 71 86 73 52 7 83 53 5 5 53 95 6 72 98 71 22 19 1 40 50 32 49 8 29 1 22 45 16 52 58 52
int 74 15 69 43 80 53 22 71 24 96 87 92 72 17 8 53 82 73 27 52 45 60 45 62 58 76 37 84 30 21 2 85 46 7 8 84 56 12 72 51 89 81 35 9 83 41 35 67 14 98 49 97 37 18 85 47 63 72 56 39 55 18 39 84 25 22 83 51 92 89 77 23 9 75 61
int 76 20 89 8 83 65 99 18 59 53 25 25 77 7 29 66 91 4 31 78 94 16 14 89 84 65 60 26 56 85 91 12 84 72 83 19 21 31 83 46 14 43 26 73 2 38 55 70 66 9 37 7 2 79 60 1 46 96 82 87 31 55 41 53 85 77 83 28 98 19 18 43 90 53 7 39 66
bool 76 0 0 0 0 0 0 1 0 0 1 1 1 1 1 1 1 0 1 1 1 0 1 0 1 1 1 1 0 0 0 0 0 0 1 1 0 1 0 0 0 0 0 1 0 1 1 0 1 1 0 1 1 1 1 0 1 1 0 0 0 0 0 0 0 1 0 0 1 0 1 0 0 1 1 1 0
bool 77 0 0 0 1 0 0 0 0 1 1 0 1 1 0 1 0 1 0 0 0 0 0 1 0 0 0 0 1 0 1 0 1 1 1 0 0 1 1 0 0 0 0 0 0 1 1 1 1 0 1 1 0 0 1 0 0 1 0 0 0 1 1 1 1 1 0 1 1 1 1 1 1 0 1 0 1 1
bool 78 1 1 1 1 0 1 1 1 0 0 1 0 0 0 1 0 1 1 1 0 0 1 1 1 0 1 0 1 0 0 0 0 1 0 1 1 1 1 1 1 1 1 0 1 0 0 0 1 1 0 0 1 0 0 0 0 1 1 1 0 1 1 0 0 0 0 0 1 0 1 0 1 1 0 0 1 1 0
double 78 3.13 6.43 3.59 4.04 8.43 2.86 4.86 6.32 9.01 2.35 1.49 2.54 1 0.37 1.27 5.82 5.96 7.43 2.48 8.51 8.85 4.31 0.17 6.92 1.48 6.45 3.21 3.77 3.15 9.25 2.35 7.22 0.89 5.83 7.15 2.88 1.71 1.13 9.55 8.63 1.28 2.09 1.7 9.67 9.93 1.02 9.23 2.66 1.77 0.77 1.62 1.06 7.79 0.05 1.05 1.82 7.78 8.17 0.34 0.31 4.88 4.69 6.65 3.17 5.91 5.69 0.99 3.01 7.76 7.14 8.21 6.09 3.16 6.25 4.4 2.17 2.74 1.94
int 78 38 84 52 16 58 13 16 84 61 84 31 17 29 50 93 16 53 3 32 50 70 46 70 40 29 41 31 64 42 57 87 31 20 77 24 78 35 21 74 41 90 54 51 8 29 67 76 67 38 38 59 43 62 6 6 45 66 7 23 49 43 15 2 59 67 63 9 38 79 97 41 74 91 63 58 21 60 63
char 79 i p k t c t a a k d d c s n g e q c p b j m t j s b p h a q o i s j t m n a d o o q t b f a n h h g l r e t e d t b e o l c m g e b q o a d d e q t h e n n n
char 80 c r d d o q c t a a c d h f m h n e s q c c m i m t c r n q h i a g q q b k h p k d i k r j c i q b b c l m l t s s m d c t g i o f k b f r b n p h g g r q c f
bool 81 1 1 0 1 0 0 0 0 0 0 1 0 1 1 0 0 1 0 0 1 1 0 0 0 1 0 0 0 0 0 0 0 0 1 0 0 1 1 1 0 0 1 0 0 0 1 1 0 0 0 0 1 1 1 1 0 0 1 1 0 0 1 1 1 0 0 0 1 0 1 0 1 1 1 0 1 0 1 1 0 1
bool 83 1 1 1 1 0 0 1 1 1 1 0 0 0 0 0 1 0 1 0 0 1 1 1 0 0 1 1 0 0 0 0 0 0 1 1 1 0 0 0 0 1 0 1 0 1 1 1 1 1 1 0 0 0 0 1 1 0 0 0 0 0 1 1 0 1 1 0 1 0 1 0 0 1 0 1 0 0 0 0 1 0 1 1
bool 83 0 0 0 0 1 0 0 1 0 0 0 1 0 0 0 0 0 1 0 0 0 0 1 0 1 0 0 0 1 1 0 1 0 0 1 0 0 1 0 0 1 1 0 1 1 0 0 0 1 1 1 1 0 1 0 1 0 0 0 0 1 1 1 1 0 0 1 0 1 1 0 1 1 0 0 0 1 0 0 1 0 0 0
bool 87 1 1 0 0 1 1 1 0 0 1 1 0 0 1 0 1 0 1 0 1 1 0 0 1 1 0 1 1 1 0 0 1 1 1 0 1 0 1 0 0 0 0 0 0 1 0 0 1 1 1 1 1 0 0 1 1 1 0 1 1 1 1 1 0 1 1 0 0 0 0 0 1 1 1 0 0 0 1 1 0 1 0 1 1 0 0 1
bool 88 0 0 0 1 1 0 1 0 0 0 1 1 1 0 1 1 1 0 1 0 0 0 1 0 0 1 0 1 0 0 1 1 0 0 1 0 1 1 1 1 1 0 1 0 0 1 1 0 1 0 1 1 0 0 1 0 1 0 0 1 1 0 1 0 0 0 1 0 1 0 1 0 0 0 0 1 0 0 0 0 0 1 1 1 1 1 1 0
double 88 1.28 5.88 1.9 1.37 0.54 3.65 3.84 9.64 1.83 9.27 7.89 4.69 0.45 7.43 9.42 9.84 4.29 3.86 0.52 2.66 7.06 6.39 7.49 6.24 5.91 1.71 1.73 9.94 5.9 1.35 9.72 7.42 1.29 4.77 6.15 6.98 6.37 4.09 2.65 5.63 6.94 3.95 4.89 4.85 0.9 3.98 1.62 9.75 9.75 5.74 2.11 8.26 7.64 7.45 6.58 9.51 0.69 4.53 7.25 7.82 7.37 3.64 8.34 4.84 4.57 2.06 2.58 1.67 4.05 5.34 1.86 0.31 9.68 4.46 6.27 8.11 7.23 0.46 6.03 7.9 4.32 8.02 7.9 7.02 8.24 5.71 3.8 9.52
double 88 2.57 6.23 3.91 6.98 1.03 8.04 1.52 9.44 9.23 1.11 0.86 3.66 1.88 7.54 6.06 7.4 2.6 5.87 4.55 4.29 2 2.33 0.4 8.86 1.97 3.69 4.77 3.24 0.17 4 0.56 7.03 7.67 3.02 7.67 0.59 9.02 3.11 3.22 4.78 9.32 3.57 7.44 4.74 1.7 0.57 7.99 1.85 9.76 0.81 1.75 4.49 2.27 1.43 7.19 7.42 4.56 4.8 0.8 6.63 7.51 8.91 2.21 6.8 2.42 0.8 7.05 0.37 1.68 6.36 1.47 9.5 6.58 1.61 7.9 9.84 5.22 4.12 9.46 7.44 9.01 7.99 7.16 1.29 6.71 9.37 1.38 0.28
double 90 2.62 2.97 2.53 4.15 3.04 9.98 3.43 7.52 9.91 6.88 1.92 5.23 4.09 5.77 6.68 7.41 9.92 0.02 9.16 2.72 8.76 8.17 2.2 5.84 8.47 2.28 5.18 3.46 1.73 4.39 6.5 2.86 6.12 6.02 1.77 0.3 1.01 4.26 4.99 1.72 7.77 5.54 8.7 0.74 8.4 8.77 1.5 9.49 4.13 3.82 4.98 9.13 8.25 6.06 9.6 7.22 4.59 7.44 2.8 2.93 6.16 4.94 2.79 9.67 5.17 6.46 7.58 9.15 6.86 6.93 7.87 8.07 9.45 0.03 3.62 3.32 3.43 3.73 2.58 5.15 8.61 6.67 3.81 3.37 1.51 8.77 8.6 4.36 1.29 2.09
char 90 s m d b j a c r e a d t b d b f g m f k g t c l i m c m t e g k g j h f t f p c p m m h i m f l q l d n o a j m j n b t g k a f f d e c i f g i g d m i p f l e b m m b j m e k s d
double 93 7.96 6.85 5.44 8.84 6.38 3.68 3.53 5.64 3.5 0.61 5.76 1.58 1.12 0.59 4.95 2.34 1.35 3.55 6.89 4.37 7.12 4.24 9.07 4.75 4.46 2.57 2.92 6.55 8.48 2.61 2.62 7.12 6.92 1.21 1.97 5.21 5.02 3.46 8.39 0.76 0.13 0.63 2.13 4.49 7.8 7.21 9.32 9.3 3.76 0.46 8.26 7.8 7.96 2.38 5.61 0.67 2.62 0.01 7.62 7.76 9.87 7.06 6.49 0.92 3.6 1.74 6.04 8.38 9.88 8.4 3.13 9.71 2.98 8.85 5.88 8.82 4.3 4.65 9.37 6.78 7.27 7.95 0.14 2.49 0.48 6.06 8.94 9.21 4.14 4.69 2.96 3.97 8.51
char 93 d d h a i r r h d d d s j s b a n g t n f j b a i i r c a a m c g f i c q m p a i s d c e d t k m s q n n i p c a m m b h h h s o e f s n e r e c b q r b p e i r b q q e i j f h a b f d
int 94 40 51 22 41 80 97 71 42 34 2 18 85 4 67 57 23 2 40 34 26 66 13 4 24 31 31 19 37 48 75 56 74 39 85 53 66 5 15 12 93 74 48 46 38 42 7 46 74 4 26 62 73 58 52 75 27 83 31 11 73 72 16 32 58 27 82 56 65 57 76 66 1 7 88 5 35 64 84 74 83 79 12 19 55 16 52 22 70 17 21 96 18 51 39
char 96 b p o l q p c n c e r o p l p m c e c a f i l e r f i b m m t d p g r h e e h o l g g t s a a l a k t l k n n e j j p d h d a e a f c e m f t l k h t f h p g d o c t r l p n r k i p d l s p r
char 99 p d s o q t p a a a j b e i b t j g r i g j r n g j s f m h b t c d t c d s e s c p e e p i l j a p o s t r k o r d b g l p t r s m b f k i b f c n j m s k r n b t g c a b q p o d f k p s k c q j f
bool 100 1 1 1 1 1 1 1 1 1 1 0 0 0 1 1 1 0 1 1 0 1 0 0 0 1 1 1 1 1 0 0 0 0 0 1 1 1 1 1 1 1 1 0 1 1 0 0 1 0 1 1 1 0 1 0 0 0 1 0 1 0 1 1 0 0 1 1 0 1 1 1 0 1 1 0 0 1 1 0 0 1 1 1 1 1 1 0 0 0 0 0 1 0 0 1 0 1 1 1 1
double 102 6.32 5.6 2.56 6.82 8.01 9.57 0.05 8.32 3.2 5.12 6.28 1.76 2.64 3.09 5.08 4.2 7.68 0.79 4.62 2.38 4.47 2.94 3.42 3.06 1.33 4.64 7.1 6.44 1.33 5.15 9.3 4.73 1.85 1.05 0.72 0.92 4 8.1 4.01 3.5 8.43 5.35 9.14 3.05 0.03 4.59 2.1 5.79 2.1 0.38 1.67 9.98 3.11 2.47 3.67 2.84 5.09 9.73 5.5 3.18 9 7.44 4.39 6.84 7.75 5.43 0.76 9.2 4.39 4.5 8.68 6.29 1.43 9.73 8.7 6.32 4.03 1.35 3.44 1.83 8.72 6.56 9.28 6.55 9.38 3.82 6.46 9.4 4.19 7.4 2.18 0.34 9.12 9.93 4.48 4.63 1.25 6.88 6.1 0.17 3.5 9.21
double 103 8.97 1.08 9.91 5.84 9.38 1.03 1.23 5.78 7.87 0.5 4.45 1.43 9.04 5.53 0.25 8.74 7.98 5.28 3.9 7.58 5.6 7.87 4.48 6.47 2.15 2.84 6.18 9.79 9.06 2.99 6.29 4.57 9.08 2.89 0.5 2.18 3.18 4.95 9.28 1.1 7.85 9.39 3.7 2.12 5.29 5.89 9.37 6.77 7.27 2.11 4.24 8.08 5.07 4.79 9.25 7.04 7.49 2.97 3.98 7.64 4.55 5.43 0.47 5.55 3.03 6.5 3.82 6.21 8.22 8.58 1.03 3.86 0.03 4.39 4.74 3.63 8.98 5.86 1.47 6.54 5.53 2.6 6.97 3.98 6.48 4.16 6.28 4.89 5.21 1.57 1.77 0.25 6.07 6.07 4.59 8.29 4.7 2.55 9.23 9.48 8.64 3.41 1.97
bool 103 0 1 1 0 1 1 1 0 0 1 1 0 0 0 0 0 0 0 0 1 0 1 1 0 1 1 1 0 0 0 0 0 1 1 1 0 0 0 0 0 0 1 0 1 0 1 0 0 0 1 1 1 0 1 0 1 0 0 1 0 1 1 1 1 0 1 1 0 0 0 1 1 0 0 0 1 1 0 0 0 1 0 1 1 0 1 0 0 1 0 1 1 0 1 1 0 1 1 1 0 0 0 1
char 103 k f p c m k n j o d n q j k a e k n g e s c a j r s b c o r t l m d q k f g f k t q c e j g g h e s a i t s s e o b g l j e e r n o t s b i b c a m s b d o l r f p b d l q s o o d c a j o l l d g c p i t e
char 106 i h j f q r r c s p k e m f b r l q k n d r n g k p d m k s a e m a q c q k r o q t f h j r q n d q j j h j p o d q m e c d s c e g h s o n k t i t m n e f d h q a d p c l b j b a k o r h i g c d d l f b e i r s
double 106 2.02 7.37 6.54 6.72 5.56 3.09 5.41 1.17 7.79 1.43 2.41 6.24 5.97 8.29 3.99 1.18 2.23 7.54 2.96 8.34 7.81 1.32 1.68 3.16 0.99 1.13 1.25 5.4 8.44 5.8 5.27 5.84 5.44 1.76 2.51 5.76 5.81 4.32 1.92 7.65 2.25 6.45 0.56 8.8 0.16 5.65 3.4 4.89 7.52 2.06 1.33 4.15 3.52 5.57 5.03 8.45 4.11 0.1 2.78 9.79 8.93 3.56 2.41 6.98 1.98 9.96 3.25 3.11 0.85 7.09 1.92 8.78 0.63 6.58 8.74 1.43 8.34 6.29 9.83 5.89 3.34 7.41 2.92 9.74 0.84 0.36 4.99 6.38 4.93 3.78 0.26 6.49 2.9 1.26 7.6 0.49 3.83 9.82 6.31 0.18 7.21 1.11 5.51 5.16 9.65 0.05
bool 107 1 0 0 1 1 1 0 1 1 0 0 0 1 0 0 1 0 0 0 1 1 1 1 0 1 0 0 1 1 0 1 0 1 0 1 0 1 0 1 1 1 1 0 1 0 1 0 0 0 1 0 0 1 0 1 0 1 0 1 0 1 0 0 1 0 1 1 0 1 0 0 0 0 0 1 0 1 1 1 1 1 1 1 1 0 1 1 0 1 0 0 1 1 0 0 1 1 1 0 1 1 1 0 0 0 0 0
bool 107 0 1 1 1 0 0 1 0 0 1 0 0 0 1 0 0 0 1 1 0 0 0 1 0 0 0 1 0 1 1 1 0 0 0 0 1 0 0 0 1 1 1 1 1 1 1 0 0 1 0 1 1 0 0 1 0 0 0 0 1 0 1 0 1 1 0 0 1 0 1 0 0 1 1 0 0 1 1 1 1 0 0 1 0 1 1 0 1 1 0 0 0 1 1 1 0 1 1 0 0 1 0 1 0 0 1 0
double 109 8.88 9.52 6.28 3.32 1.1 1.73 2.92 9.05 3.93 1.87 8.55 6.79 3.55 6.54 0.05 6.86 9.42 1.09 4.04 3.22 7.02 1.78 6.14 3.96 9.24 6.45 8.4 1.04 2.25 1.65 9.81 3.83 3.86 2.53 1.53 4.43 1.15 8.15 9.54 4.4 1.28 4.66 0.83 6.63 7.37 7.03 6.87 5.53 4.05 0.05 8.57 0.01 6.46 2.03 2.27 7.95 5.88 8.77 8.29 9.23 8.62 8 0.2 0.91 4.19 4.79 4.92 3.61 9.04 7.64 8.87 9.47 9.26 7.16 7.71 6.97 6.26 7.36 3.64 9.79 9.2 1.17 0.78 9.19 5.03 4.54 5.15 1.54 0.37 0.95 2.99 6.66 8.36 3.2 6.95 9.82 5.72 5.85 5.91 2.56 0.9 4.62 7.31 4.49 3.38 3.99 7.23 0.55 7.44
char 109 o e n q c i i g o o d i e p n a o l b j g s n g m d s f o f p a d s m c g i g j a d r l o t c n j q n r c d n n n q e p l r m a p i n c s i c a s d l s n m t j d g l b o p d q j c m h c g p m d o i b i s c i k a t t s
