bool 12 (1 1 1) (0 1 1) (0 0 0) (1 0 0) (1 0 1) (1 0 1) (1 1 0) (1 1 0) (0 0 1) (1 0 1) (1 1 0) (0 1 1)
double 14 (6.68 3.5 2.38) (8.29 5.88 2.97) (2.5 6.99 0.34) (8.36 5.84 8.67) (7.38 5.91 0.35) (9.35 9.52 4.36) (1.19 3.13 7.51) (3.6 7.16 5.08) (5.4 8.83 7.35) (6.48 1.14 4.28) (7.22 9.9 7.66) (5.74 8.53 3.92) (4.66 3.1 7.82) (7.88 5.68 5.66)
int 14 (52 86 81) (91 9 47) (41 19 89) (95 72 18) (70 67 59) (43 98 35) (58 72 86) (74 49 98) (35 33 57) (28 15 30) (99 90 81) (66 20 12) (56 35 37) (60 96 50)
char 15 (p s q) (b e h) (s a m) (h p b) (g o k) (p s t) (m d m) (g i n) (g g g) (n b q) (m b j) (r e c) (a m p) (a m l) (m n r)
double 15 (6.61 6.88 3.96) (4.1 4.87 6.26) (1.14 5.83 3.08) (7.64 2.29 1.97) (3.65 0.41 7.99) (4.01 6.97 9.72) (7.98 3.78 5.8) (7.11 3.98 7.56) (1.33 8.08 2.09) (7.8 4.03 8.71) (8.91 5.12 6.96) (7.41 9.29 5.61) (7.32 8.95 6.7) (3.18 3.26 6.75) (6.36 1.22 4.56)
bool 15 (1 1 1) (0 1 0) (0 0 1) (1 0 1) (0 1 0) (0 1 1) (1 0 0) (0 0 0) (1 1 1) (0 1 0) (0 0 1) (1 1 1) (0 0 0) (1 1 1) (0 0 0)
bool 17 (1 1 0) (1 1 0) (0 0 1) (1 0 0) (0 0 0) (0 1 1) (1 1 1) (1 0 1) (1 0 1) (0 0 0) (0 1 1) (0 0 1) (1 0 1) (1 0 0) (0 1 0) (0 0 0) (0 0 1)
int 18 (33 35 8) (38 62 68) (3 22 84) (94 57 93) (70 39 54) (62 49 17) (80 14 16) (56 41 53) (89 1 16) (20 96 25) (42 7 15) (91 86 77) (4 34 83) (62 33 61) (98 35 62) (18 77 94) (14 24 48) (85 94 68)
double 19 (0.86 0.85 9.79) (1.76 4.66 0.84) (3.19 0.64 9.35) (7 3.52 0.71) (0.41 3.02 3.89) (7.71 2.47 2.48) (5.91 4.5 9.4) (4.85 4.48 6.39) (3.32 7.54 5.44) (1.36 9.61 0.73) (6.49 3.46 0.13) (0.95 1.05 1.59) (9.03 8.56 9.91) (7.67 7.39 1.68) (3.93 6.14 5.82) (6.24 8.72 7.43) (1.65 4.93 6.77) (3.6 2.4 1.72) (8.62 3.09 0.08)
bool 19 (0 1 0) (1 1 1) (0 0 0) (1 0 1) (0 0 0) (0 1 1) (0 0 0) (1 0 1) (1 0 1) (1 1 0) (1 0 0) (0 0 1) (1 0 0) (1 1 0) (0 1 0) (0 0 0) (1 0 1) (0 0 0) (0 0 0)
double 20 (8.02 9.9 8.55) (4.64 0.57 8.6) (0.68 6.62 7.85) (9.02 1.33 4.76) (8.28 8.26 8.96) (4.37 9.85 6.74) (2.09 3.31 3.15) (1.9 5.21 6.46) (2.03 6.65 7.45) (1.78 8.05 6.36) (7.55 1.97 0.21) (5.27 4.87 4.76) (7.05 0.66 8.44) (1.09 9.48 7.57) (2.23 2.81 5.58) (0.59 0.68 3.13) (8.99 7.68 0.93) (0.19 6.57 0.91) (3.19 6.27 0.82) (2.33 2.25 1.64)
int 23 (23 11 57) (81 5 52) (62 11 47) (12 37 82) (71 88 21) (43 15 96) (36 98 38) (81 25 78) (51 53 58) (86 89 94) (20 68 22) (72 25 67) (52 71 33) (42 43 98) (70 73 14) (8 1 99) (94 56 35) (74 71 21) (93 17 85) (42 66 4) (67 7 5) (35 17 71) (71 21 22)
char 24 (b k e) (s d b) (k s e) (n a e) (a l a) (b d m) (b i k) (f o m) (b i k) (t f a) (f b d) (f b o) (h h r) (l c q) (i t p) (n h p) (b r d) (i m n) (p b l) (t o g) (r f b) (a p i) (j j i) (o f d)
char 25 (g i c) (a n p) (f d i) (l c o) (q f b) (b a g) (p t b) (c m t) (l r g) (g d a) (j t q) (n t e) (p q m) (r c g) (d p d) (p b g) (d h p) (i i h) (k e h) (t o c) (h q f) (b e o) (b q k) (t e f) (g k s)
int 26 (32 15 84) (91 86 92) (35 24 23) (58 26 82) (53 2 53) (24 15 19) (2 45 72) (16 25 48) (31 65 82) (63 35 43) (87 30 11) (84 49 40) (12 35 52) (88 40 5) (10 49 84) (19 3 35) (67 42 86) (89 61 70) (59 58 22) (82 48 23) (71 46 26) (74 2 48) (23 93 12) (71 14 13) (63 97 66) (11 98 63)
double 26 (7.26 9.23 4.81) (0.62 1.14 4.04) (1.47 3.13 4.14) (4.5 9.11 4.28) (9.65 2.27 5.8) (4.44 6.64 9.45) (2.01 3.59 0.88) (6.32 8.75 8.38) (5.31 9.93 3.71) (2.39 1.42 9.66) (9.51 7.62 1.7) (4.9 2.16 2.2) (7.51 8.1 7.14) (5.82 3.1 8.83) (9 3.62 9.58) (6.56 3.62 1.72) (7.93 3.14 2.26) (0.88 2.96 8.14) (8.66 3.79 7.8) (5.3 9.63 1.7) (2.06 5.93 3.42) (1.85 6.81 5.79) (8.08 4.07 7.27) (6.15 4.53 2) (3.04 3.43 8.28) (0.15 6.84 4.51)
bool 26 (1 0 0) (1 0 0) (0 1 0) (0 0 1) (0 1 1) (0 0 0) (1 0 1) (0 0 0) (0 1 0) (1 1 1) (0 1 0) (1 0 0) (1 0 1) (0 1 0) (0 0 0) (1 1 1) (1 0 1) (1 0 1) (1 0 0) (1 0 0) (1 0 1) (0 1 0) (1 0 0) (1 0 0) (0 0 0) (1 1 1)
int 27 (79 26 18) (5 16 9) (82 81 74) (66 68 88) (3 35 11) (12 88 30) (78 19 76) (76 21 34) (47 92 54) (93 1 25) (15 36 56) (20 9 18) (81 20 94) (51 21 75) (42 37 76) (89 40 96) (66 87 46) (85 68 75) (75 65 74) (37 34 71) (63 61 3) (45 45 78) (98 40 54) (82 27 45) (49 60 13) (43 5 61) (25 85 53)
int 27 (81 1 45) (38 74 62) (94 23 17) (79 18 68) (17 61 46) (23 56 90) (30 93 18) (39 15 99) (48 15 64) (52 57 6) (8 73 3) (27 79 18) (52 31 37) (51 40 55) (66 26 23) (50 67 95) (40 82 51) (63 31 75) (95 57 33) (37 46 89) (4 76 43) (85 84 4) (76 91 28) (38 66 64) (10 78 60) (26 21 8) (39 24 90)
bool 29 (1 1 1) (0 1 0) (1 1 1) (0 1 1) (0 1 0) (1 1 0) (0 0 1) (1 1 0) (1 1 0) (0 0 1) (0 1 1) (0 1 1) (0 1 0) (0 0 0) (1 0 1) (1 1 0) (1 1 0) (0 1 1) (0 1 0) (1 0 0) (0 0 1) (1 0 1) (1 1 0) (0 1 1) (0 1 0) (1 0 1) (0 0 1) (0 1 1) (1 1 1)
bool 29 (1 0 1) (1 1 1) (0 0 1) (0 1 0) (1 1 0) (0 0 1) (1 1 0) (1 1 1) (0 0 1) (1 1 1) (1 1 0) (1 1 1) (1 0 0) (0 0 1) (1 1 1) (0 1 1) (1 0 1) (0 0 0) (1 0 0) (1 1 0) (0 1 1) (1 1 0) (1 1 0) (1 0 0) (1 0 0) (1 0 0) (0 1 1) (0 0 1) (1 1 1)
double 29 (3.77 4.4 8.11) (6.28 6.94 3.84) (6.33 9.22 6.69) (7.21 1.13 0.19) (0.9 0.13 8.52) (9.41 0.17 9.63) (2.94 6.48 6.38) (6.51 6.2 8.74) (1.21 6.85 7.52) (8.69 1.11 6) (4.23 2.9 2.02) (1.5 2.98 5.15) (8.32 1.25 3.66) (1.35 0.63 1.91) (3.29 3.55 3.51) (3.23 0.96 0.65) (1.29 4.83 2.04) (7.25 2.38 4.7) (7.48 7.59 3.13) (0.85 4.8 9.8) (4.53 1.72 3.73) (2.27 8.4 1.02) (1.3 9.74 2) (9.8 3.57 8.79) (7.64 9.13 1.57) (9.17 4.46 0.65) (2.08 8.96 3.6) (3.49 3.24 6.29) (3.36 0.76 4.86)
char 30 (t p k) (d l l) (f l b) (k k n) (d g f) (t k e) (b f a) (c q k) (f t i) (o j r) (p i b) (i f e) (b h t) (j a t) (k q s) (k j m) (k d t) (n p b) (n n b) (r r a) (s k s) (r g a) (n s s) (j k l) (m g o) (o g f) (b k o) (l n n) (j e l) (s t f)
int 31 (41 72 53) (19 13 37) (56 68 37) (85 16 3) (63 79 46) (86 89 3) (52 20 46) (10 14 29) (53 71 52) (86 45 51) (30 59 25) (19 7 60) (31 88 14) (67 2 53) (14 34 47) (96 6 33) (34 78 34) (50 43 76) (4 69 23) (49 45 45) (94 78 22) (7 42 52) (10 73 11) (81 6 45) (70 71 83) (17 32 39) (14 63 33) (79 18 64) (16 59 7) (42 26 26) (19 83 97)
int 32 (75 78 27) (33 82 47) (16 13 93) (70 40 70) (19 41 30) (43 6 32) (46 11 17) (29 47 38) (71 40 99) (88 36 3) (86 75 45) (28 3 12) (37 17 41) (35 12 38) (20 7 61) (23 51 67) (76 62 91) (40 35 64) (80 2 3) (2 87 36) (40 58 45) (11 25 74) (52 94 29) (6 22 96) (64 87 26) (12 18 72) (17 55 4) (31 28 4) (2 84 47) (27 39 6) (73 15 68) (76 50 82)
double 32 (3.79 7.52 8.43) (4.75 1.55 4.52) (8.2 7.91 3.62) (1.3 7.29 8.86) (8.52 1.92 4.25) (9.03 8.14 6.04) (3.2 5.9 8.06) (0.21 7.71 9.76) (7.88 4.99 5.66) (1.56 3.48 5.58) (3.88 4.35 6.12) (1.76 1.32 9.32) (5.74 8.47 1.55) (4.24 6.33 1.54) (9.41 4.51 1.44) (4.01 2.44 9.69) (6.12 2.67 9.34) (3.83 9.91 6.2) (2.76 5.3 4.22) (1.51 5.13 6.7) (8.82 8.19 7.94) (5.1 1.8 0.3) (2.54 2.22 8.62) (8.44 1.91 1.61) (4.87 7.43 4.41) (6.38 4.19 1.71) (8.88 2.49 5.52) (2.54 6.56 7.26) (2.43 4.08 9.19) (0.22 1.33 1.67) (5.84 4.37 2.34) (9.69 6.68 3.6)
bool 33 (0 1 0) (0 0 1) (1 0 0) (1 1 0) (1 1 1) (0 1 0) (0 1 1) (1 0 1) (0 0 0) (0 1 1) (0 0 1) (1 1 1) (0 0 1) (1 0 1) (0 0 1) (1 0 1) (0 1 1) (1 1 0) (0 0 1) (0 1 1) (0 1 0) (0 0 1) (0 0 0) (1 1 0) (0 1 1) (1 1 0) (1 1 1) (0 1 1) (0 1 1) (0 1 1) (0 0 0) (1 0 0) (1 1 0)
bool 34 (0 1 1) (1 0 1) (0 1 0) (0 1 0) (1 1 1) (1 0 0) (1 0 0) (1 0 1) (0 0 1) (0 1 0) (0 1 0) (1 0 0) (1 0 0) (0 1 0) (1 0 1) (0 0 0) (1 1 1) (1 1 0) (1 1 1) (0 0 1) (1 1 0) (0 1 0) (1 1 1) (1 0 0) (0 1 1) (1 1 1) (0 0 1) (1 0 1) (1 1 0) (1 1 1) (1 1 0) (0 1 0) (0 1 1) (0 1 1)
double 34 (8.88 2.07 4.04) (2.5 5.29 5.06) (1.01 1.32 6.99) (0.57 1.8 8.67) (9.34 7.71 0.86) (9.1 8.33 9.44) (6.19 6.39 2.86) (3.59 1.71 3.97) (4.86 7.98 4.69) (2.24 4.28 5.72) (1.62 2.06 0.49) (2.61 1.84 4.71) (8.75 7.51 6.17) (8.04 3.89 5.09) (1.99 2.68 0.41) (3.55 1.74 5.62) (4.36 4.19 3.6) (3.46 7.61 9.64) (7.72 6.15 8.26) (5.61 0.59 2.94) (7.85 8.17 9.61) (6.93 5.61 9.03) (8.15 2.35 9.23) (9.68 3.87 2.33) (6.69 7.61 1.21) (2.36 8.06 8.63) (7.26 1.85 2.43) (9.6 0.92 5.57) (8.55 7.35 5.17) (7.93 7.82 3.59) (7.81 7.5 7.12) (1.53 2.4 1.89) (3.12 3.17 2.16) (8.66 6.44 4.32)
char 36 (o a m) (j c b) (p p e) (j j g) (s e a) (n d g) (m c g) (i g p) (c i t) (i t h) (h r l) (p c h) (g t q) (r g r) (m i p) (t i j) (c h m) (s g e) (f t b) (k i r) (q o i) (t o j) (l m p) (h c b) (n q f) (r k o) (h j i) (a o e) (i a b) (m r r) (h t c) (o e l) (a f a) (l t j) (o s r) (m r e)
bool 37 (1 0 0) (0 0 1) (1 1 0) (1 1 1) (0 0 1) (1 0 1) (1 1 1) (1 1 0) (1 1 0) (1 1 0) (1 1 1) (0 0 0) (1 1 0) (1 0 0) (1 0 1) (1 0 0) (1 1 0) (0 0 0) (1 1 0) (0 0 1) (1 0 1) (0 1 0) (0 1 0) (1 0 0) (0 1 0) (1 1 1) (1 0 1) (1 1 0) (1 0 1) (0 0 0) (1 1 0) (1 1 1) (1 1 1) (1 0 1) (1 1 0) (0 0 1) (1 0 0)
int 39 (46 79 31) (54 84 85) (38 61 64) (51 97 49) (34 40 85) (9 42 48) (61 3 58) (58 71 40) (4 70 69) (11 73 48) (51 43 5) (24 54 27) (72 6 4) (46 69 28) (69 40 90) (38 32 20) (95 79 80) (44 58 70) (39 73 82) (86 23 67) (88 66 22) (29 58 71) (97 48 9) (74 58 8) (82 7 11) (49 54 69) (63 19 48) (76 15 73) (30 19 62) (18 59 99) (18 68 24) (81 58 13) (34 7 57) (81 21 73) (91 94 64) (26 25 6) (43 87 11) (66 21 3) (91 72 62)
int 39 (22 55 60) (92 96 76) (76 97 96) (71 6 5) (77 83 96) (27 33 52) (1 79 10) (75 9 51) (13 93 52) (53 45 27) (35 60 59) (48 27 40) (33 82 64) (20 77 75) (87 8 68) (30 14 8) (89 96 84) (9 57 36) (19 75 56) (93 32 63) (26 94 55) (62 47 55) (54 99 12) (95 55 49) (67 81 52) (84 96 34) (4 52 4) (95 81 82) (12 68 49) (44 69 72) (97 17 53) (26 38 70) (77 93 46) (28 44 81) (63 27 66) (66 42 23) (9 58 16) (28 61 41) (24 52 48)
char 40 (p l j) (b e d) (n c t) (g s s) (q q r) (d q f) (c h g) (e n p) (n o i) (e s i) (s t r) (i k d) (n l e) (h l l) (m o c) (d t j) (f q l) (o n p) (i m t) (j p c) (j o t) (q h p) (k c m) (b s s) (f g f) (p h t) (e d i) (i e k) (t m r) (i l k) (q t b) (h e b) (j t b) (f j q) (s r l) (s t t) (e h o) (h o e) (q h o) (g l k)
double 40 (5.15 4.61 0.12) (5.84 9.42 3.95) (5.89 0.72 6.64) (2.26 4.84 3.82) (6.35 2.61 9.48) (9.73 8.13 5.53) (8.24 2.89 0.15) (7.29 0.14 6.91) (1.91 9.8 2.89) (9.32 5.1 1.61) (4.79 9.7 3.03) (5.11 7.21 5.25) (6.14 1.67 7.75) (4.36 8.23 3.53) (5 9.8 1) (7.16 3.55 2.01) (8.03 5.17 7.9) (5.43 8.06 2.88) (3.62 5.16 0.67) (7.32 4.51 3.41) (5.1 7.62 6.95) (8.39 2.89 0.08) (3.81 2.1 3.3) (4.17 4.94 6.09) (4.75 0.19 0.24) (3.31 4.83 1.48) (9.08 8.82 4.03) (1.7 8.89 0.2) (4.13 0.05 7.94) (8.25 2.38 3.53) (6.15 9.95 0.58) (9.34 6.88 5.67) (4.87 3.61 6.9) (7.11 0.62 0.01) (1.6 3.95 5.34) (2.59 9.93 6.12) (4.97 0.17 7.51) (3.84 8.2 6.35) (5.56 9.58 6.23) (3.5 1.96 6.64)
double 41 (2.19 6.64 8.78) (9.92 7.03 5.41) (3.31 8.86 1.74) (8.26 2.05 5.61) (8.28 3.31 5.64) (9.87 2.01 0.56) (5.35 1.55 8.86) (2.28 9.06 4.05) (6.13 5.08 2.81) (3.43 8.85 3.72) (9.24 0.76 2.09) (3.86 1.09 7.4) (8.01 3.96 2.29) (4.83 6.56 1.12) (2.85 3.45 1.89) (7.56 8.41 3.38) (8.39 6.53 8.79) (6.1 2.75 4.76) (4.65 7.9 9.96) (6.29 1.34 5.9) (6.8 9.72 1.83) (9.61 4.13 1.38) (1.18 9.25 9.49) (9.22 5.58 8.12) (4.02 2.86 8.5) (7 8.91 6.84) (1.71 2.88 6.04) (8.88 0.18 9.17) (9.01 2.03 3.37) (2.41 8.39 4.49) (8.99 0.24 7.46) (3.54 6.51 6.86) (7.42 4.34 9.49) (2.86 2.3 3.3) (6.12 9.39 0.88) (4.72 4.97 0.84) (0.47 7.54 2.45) (5.74 3.63 0.24) (7.6 9.79 0.26) (2.86 8.6 2.38) (7.95 0.59 9.96)
int 43 (62 27 2) (59 30 97) (70 21 41) (92 1 2) (4 67 15) (51 3 18) (93 85 77) (22 79 6) (13 30 25) (81 78 60) (67 31 59) (75 62 57) (47 98 61) (40 22 61) (57 35 27) (88 98 62) (60 29 23) (20 72 52) (25 6 47) (43 57 13) (94 89 15) (70 95 86) (61 17 81) (29 86 85) (8 46 20) (71 69 50) (23 89 71) (54 79 18) (71 9 1) (20 67 19) (80 79 86) (81 49 47) (24 85 11) (40 50 30) (22 50 21) (33 55 55) (50 46 88) (40 99 42) (11 29 52) (70 90 21) (86 75 47) (81 27 61) (14 72 86)
double 45 (9.3 2.58 1.6) (1.71 1.05 0.31) (0.09 7.32 9.02) (1.52 2.5 9.16) (1.47 8.37 6.41) (5.51 8.41 6.25) (8.13 9.73 5.87) (4.24 0.81 6.46) (6.94 9.01 8.71) (4.35 2.23 5.82) (5.27 2.18 7.81) (2.22 4.45 7.54) (0.51 7.91 0.83) (9.36 7.48 3.54) (6.5 5.5 9.52) (3.05 8.72 2.89) (7.03 9.1 7.68) (7.06 9.51 6.37) (3.07 9.79 8.63) (8.32 7.47 8.17) (2.12 8.68 2) (1.89 6.74 1.89) (9.21 1.17 1.72) (9.44 9.9 7.29) (8.9 5.09 9.55) (7.12 7.16 8.52) (1.48 3.44 2.04) (8.21 9.83 7.96) (7.86 5.19 1.27) (5.02 3.59 7.4) (4.92 8.59 3) (2.77 6 2.8) (9.15 3.21 0.59) (0.82 5.89 2.44) (4.56 0.49 2.59) (9.85 2.62 3.58) (0.31 7.29 6.29) (6.14 0.63 7.28) (9.48 0.79 9.98) (7.44 4.09 7.02) (0.43 1.29 5.15) (0.74 3.67 4.36) (8.08 8.79 6.83) (6.37 7.35 7.84) (5.73 9.76 3.88)
double 46 (8.54 1.6 5.82) (4.85 7.91 8.96) (8.49 1.38 8.42) (6.28 0.47 7) (9.3 2.86 8.87) (6.37 9.72 3.57) (0.25 8.71 7.57) (8.24 9.94 6.46) (9.83 2.16 0.04) (2.37 2.19 4.64) (9.81 1.67 6.05) (5.39 6.67 9.69) (4.72 9.7 7.39) (3.65 1.89 3.72) (5.21 1.19 0.57) (2.47 9.01 6.72) (2.22 9.49 2.6) (4.48 6.51 6.93) (9.99 8.92 7.81) (1.33 5.82 5.35) (1.06 1.41 7.7) (1.3 5.16 6.08) (4.69 2.79 4.39) (9.45 5.36 8.32) (4.03 0.53 2.65) (1.24 2.03 6.05) (3.36 7 4.57) (9.4 6.61 3.58) (6.87 3.49 0.12) (1.3 6.2 5.69) (5.27 1.2 7.18) (5.39 3.27 5.54) (3.47 3.58 3.61) (1.87 4.09 1.19) (1.04 6.7 4.96) (3.3 6.15 8.25) (5.53 0.65 7.97) (3.3 6.54 9.89) (0.03 8.84 2.48) (9.99 2.16 3.48) (5.3 7.49 5.35) (0.13 3.46 7.94) (4.7 4.82 8.62) (0.44 4.56 2.4) (6.93 7.23 7) (9.14 2.2 3.94)
int 47 (93 63 37) (44 64 38) (68 92 22) (24 78 17) (96 7 82) (16 75 42) (59 1 86) (99 19 5) (29 16 84) (69 39 15) (62 32 35) (32 91 64) (79 68 92) (14 17 90) (84 66 23) (27 63 36) (23 66 22) (42 14 51) (42 41 89) (76 1 97) (50 48 68) (13 10 23) (15 95 75) (16 13 72) (29 99 58) (99 6 27) (9 25 24) (49 61 24) (17 63 19) (7 23 14) (13 98 84) (17 55 99) (28 92 67) (86 87 40) (77 59 85) (83 98 20) (70 79 23) (21 74 95) (87 25 99) (79 2 15) (52 33 73) (83 68 64) (56 13 90) (46 49 17) (60 13 85) (86 86 93) (75 84 35)
double 47 (1.16 4.87 7.05) (0.97 5.81 6.71) (7.37 9.46 9.43) (1.56 9.65 0.88) (0.79 9.35 6.42) (2.65 5.71 1.08) (7.86 6.17 1.39) (2.81 3.58 0.54) (3.67 6.27 7.7) (0.49 1.76 6.36) (5.84 7.05 9.08) (6.1 7.96 5.95) (2.29 8.12 9.89) (8.9 4.43 6.65) (7.71 5.65 3.58) (5.48 3.8 3.94) (1.69 8.55 6.54) (4.91 1.17 0.99) (1.9 2.07 2.86) (0.74 0.4 8.58) (9.07 9.98 2.56) (2.82 1.58 5.4) (1.14 7.73 5.16) (3.59 5.21 5.7) (7.68 8.79 4.78) (5.63 5.67 1.24) (0.11 5.06 5.9) (3.3 7.71 7.04) (3.11 5.38 0.48) (1.32 7.45 1.69) (9.87 8.76 6.5) (2 2.85 0.47) (9.33 3.51 2.11) (1.69 2.16 6.88) (8.01 5.97 2.79) (6.59 7.02 9.03) (7.44 5.81 9.03) (3.75 6.37 7.02) (8.58 6.72 5.82) (1.76 6.55 3.99) (8.32 6.15 7.78) (7.68 6.64 1.6) (3.03 5.88 8.64) (7.14 7.5 1.85) (2.6 5.58 8.61) (1.87 7.23 7.52) (9.46 9.28 4.29)
double 47 (9.43 5.59 8.71) (3.98 6.2 7.2) (9.15 1.53 0.81) (3.63 7.6 9.2) (7.91 8.58 7.66) (4.16 0.11 7.32) (6.45 3.91 8.45) (8.9 2.66 7.05) (0.21 8.01 6.34) (3.74 8.95 0.09) (6.16 0.9 1.19) (6.84 8.5 8.23) (1.04 7.17 6.11) (0.08 6.63 7.41) (3.68 3.72 8.88) (4.12 2.81 1.05) (5.73 6.52 9.59) (5.46 8.56 8.89) (7.13 3.43 8.13) (0.67 4.59 6.47) (9.71 8.25 1.1) (6.12 0.61 3.52) (6.58 0.08 9.86) (5.49 0.81 1.84) (2.55 8.56 7.03) (2.27 1.17 3.14) (6.51 9.15 0.17) (4.18 0.8 4.51) (6.94 6.92 4.2) (9.37 1 3.03) (7.43 5.88 0.03) (5.21 4.52 0.36) (7.56 5.52 8.26) (4.38 4.3 3.04) (7.24 8.97 9.78) (7.54 7.06 4.18) (5.33 3.54 6.93) (0.95 2.52 5.73) (5.92 2.81 8.38) (3.61 4.3 2.21) (3.91 6.56 8.18) (8.15 7.38 1.82) (1.3 3.5 1.47) (1.67 6.07 9.98) (0.51 8.56 6.5) (1.99 6.61 2.12) (0.51 3.73 8.61)
char 50 (p s d) (i e k) (j q j) (e t b) (r p j) (b o m) (o k g) (l o p) (h n t) (o q b) (i p l) (e k r) (h h m) (t d i) (c a o) (j m b) (i r m) (f s q) (l s j) (p t j) (a g q) (l r f) (m n h) (o k b) (h j d) (j q i) (e r e) (c c t) (f n j) (t d m) (j g p) (d m s) (t r p) (f b p) (p m l) (l f k) (p g c) (q l n) (b j s) (n p o) (m j o) (p m h) (g s q) (f t h) (n h n) (t r e) (c g q) (d q r) (d l r) (k k e)
char 50 (d s b) (b m q) (r k m) (f n i) (p j m) (r p o) (e s q) (f q i) (c k p) (a p b) (r m g) (p n f) (k n e) (o l g) (c f h) (c s r) (i r j) (m a h) (f n i) (i p q) (f a m) (b i j) (o k l) (h h i) (q k p) (k n b) (i h r) (d m l) (d o b) (f o k) (r n h) (d k j) (d j b) (t n q) (c a d) (i m g) (h k q) (h d i) (g o f) (q t r) (q r h) (i e r) (p f h) (c k j) (h g s) (d k d) (f g l) (j o f) (k r r) (g o h)
double 51 (9.09 2.85 5.61) (6.61 5.53 7.17) (3.34 7.01 5.12) (5.69 3.41 4.84) (0.31 7.8 1.62) (6.37 6.86 8.15) (3.42 8.39 8.61) (4.39 5.49 6.77) (3.43 6.11 1.41) (4.67 9.09 1.99) (9.79 2.17 5.21) (0.67 7.98 3.46) (9 2 6.58) (1.49 8.2 6.06) (8.28 0.1 3.08) (3.83 1.02 1.05) (6.1 1.29 7) (3.36 2.29 7.7) (9.1 6.53 5.66) (8.64 1.1 5.41) (1.39 9.73 7.5) (6.46 7.13 5) (6.4 8.67 0.87) (3.68 8.74 5.11) (1.83 8.26 3.83) (8.99 0.3 2.3) (5.41 8.86 5.22) (9.43 8.19 1.68) (9.23 4.46 1.62) (6.97 4.77 7.95) (6.27 1.15 5.71) (1.28 3.32 6.55) (1.73 2.32 2.05) (2.35 6.24 0.8) (7.96 5.03 3.71) (4.92 2.13 8.9) (3.79 6.54 3.14) (1.78 4.52 0.65) (5.21 4.22 2.86) (6.12 8.2 4.91) (3.83 4.24 5.75) (1.73 0.27 9.83) (7.06 0.54 6.74) (6.56 4.04 0.78) (3.44 2.27 1.83) (9.96 2.93 9.41) (6.65 1.25 1.46) (7.85 8.83 5.69) (4.53 7.14 5.25) (2.49 4 5.68) (6.97 4.22 8.91)
char 51 (g s p) (f s d) (b p k) (d q n) (n k s) (s o c) (r k r) (p j m) (q q n) (o q q) (h i n) (n g s) (i o o) (i p q) (r g h) (m s f) (b l t) (n s h) (f l m) (b m i) (s e p) (a s b) (c p m) (o k j) (a t o) (k k b) (d f c) (p r e) (n h s) (j j k) (o e k) (o c b) (o k e) (i d r) (k c s) (r a n) (n l k) (e f o) (j q k) (n k g) (c t l) (p k b) (r t n) (f b a) (l n s) (m c q) (s o i) (e i e) (g i n) (g r t) (o l p)
char 51 (m h s) (n f q) (c l a) (c t t) (g a j) (e m l) (m d e) (t r s) (b l t) (p l m) (c p b) (e k l) (o h b) (g p p) (e r e) (g g r) (d l c) (j f k) (r h c) (l d t) (s p p) (n h r) (b i p) (b p d) (t d r) (d c j) (i j p) (s d r) (p j s) (b l i) (l i p) (b p f) (r n g) (s l a) (l r q) (s a k) (d j m) (m e m) (q d h) (b k n) (r g a) (h q b) (m r e) (o n t) (m e p) (d f k) (b d g) (m n f) (i p j) (t r i) (m d e)
int 53 (85 50 93) (52 28 50) (89 2 82) (57 17 9) (51 54 53) (91 84 56) (24 56 80) (6 28 79) (39 92 72) (8 8 72) (21 61 35) (69 93 55) (57 74 65) (13 24 73) (26 86 8) (78 63 29) (37 33 44) (47 67 49) (33 40 67) (82 53 84) (93 76 43) (51 83 1) (86 77 50) (91 8 74) (83 85 46) (60 54 37) (78 37 78) (15 39 31) (32 38 17) (87 81 71) (71 69 31) (15 99 11) (91 57 42) (80 61 65) (70 30 58) (10 96 76) (45 54 26) (40 12 19) (46 88 77) (76 13 49) (55 57 18) (15 79 72) (42 51 48) (75 46 66) (5 61 78) (40 61 58) (53 78 27) (16 71 30) (5 79 30) (61 19 53) (95 64 20) (90 16 34) (43 99 37)
double 53 (3.99 1.82 1.02) (4.73 8.51 4.09) (9.08 7.04 3.8) (2.45 8.16 4.63) (7.24 3.46 4.88) (2.85 4.53 6.15) (1.02 8.02 4.21) (2.92 3.43 5.13) (2.58 6.25 4.88) (8.54 7.83 9.34) (8.76 2.14 3.31) (3.3 7.84 8.78) (5.76 7.47 4.43) (8.7 6.41 7.85) (5.69 0.16 0.26) (8.12 3.91 0.66) (2.4 7.25 3.27) (8.96 4.42 4.6) (4.48 5.91 5.05) (0.48 1.51 4.31) (5.79 3.7 4.5) (0.29 6.98 5.61) (0.11 6.45 7.72) (2.41 5.3 1.08) (3.71 7.9 8.73) (7.48 4.74 4.81) (9.89 6.7 9.23) (8.76 3.37 5.04) (7.06 5.35 0.27) (9 9.35 3.86) (7.31 9.36 9.36) (3.67 3.51 8.27) (2.27 5.94 4.45) (4.73 3.04 4.55) (1.51 7.75 8.13) (5.89 8.03 2.99) (6.85 9.98 4.48) (0.27 9.26 6.39) (9.7 1.77 3.59) (8.57 5.33 1.69) (1.89 1.34 8.99) (9.45 3.2 1.47) (8.3 6.9 9.81) (1.19 0.58 6.63) (6.63 1.36 2.37) (9.38 3.88 0.93) (2.92 5.94 6.31) (6.68 7.63 1.77) (6.12 9.54 7.59) (3.28 6.72 1) (8.95 6.27 2.44) (6.56 3.32 9.92) (7.04 8.47 0.24)
bool 53 (0 1 1) (0 0 1) (1 0 1) (0 1 0) (0 1 0) (0 1 1) (0 1 0) (0 1 1) (1 0 1) (1 0 0) (1 1 0) (0 0 1) (1 0 0) (1 0 1) (0 0 1) (1 0 1) (1 0 1) (1 0 1) (0 1 1) (1 0 0) (1 0 0) (0 0 1) (1 1 0) (1 0 1) (1 1 1) (1 1 1) (1 0 0) (0 1 1) (1 0 1) (0 1 1) (1 0 0) (1 1 1) (0 0 1) (0 1 1) (1 0 1) (1 0 1) (0 0 0) (1 1 1) (0 1 1) (0 1 1) (1 1 1) (0 0 1) (1 1 1) (0 1 0) (0 0 1) (0 0 0) (1 0 1) (1 1 0) (0 0 1) (1 0 1) (0 1 0) (0 1 0) (0 0 0)
int 54 (32 70 90) (84 20 16) (53 74 18) (38 62 14) (86 77 4) (25 64 20) (45 22 14) (5 18 61) (65 96 7) (66 13 55) (47 14 84) (68 27 95) (39 92 53) (31 38 97) (66 38 25) (47 66 98) (55 31 22) (60 11 94) (43 4 19) (5 97 32) (3 27 85) (39 42 47) (68 88 6) (59 14 74) (20 80 97) (97 94 31) (44 29 32) (14 32 54) (99 9 30) (25 94 87) (68 41 92) (33 55 37) (78 40 41) (88 79 28) (9 61 99) (67 8 27) (6 76 1) (87 6 36) (58 34 3) (56 87 48) (23 8 22) (97 84 52) (4 28 86) (34 59 97) (21 49 68) (42 15 35) (37 9 91) (27 66 24) (91 30 53) (25 39 18) (50 61 1) (5 26 3) (66 41 72) (12 72 34)
int 56 (2 10 10) (63 55 44) (94 44 64) (63 62 47) (87 56 25) (9 55 21) (19 17 13) (11 83 31) (89 28 83) (50 74 61) (5 55 62) (30 29 43) (51 40 39) (44 67 73) (71 30 73) (7 14 2) (38 69 76) (93 55 26) (95 17 85) (66 90 99) (11 99 2) (35 30 48) (4 13 82) (86 14 34) (5 79 99) (48 3 8) (67 40 22) (20 7 89) (52 65 51) (63 76 16) (6 23 14) (91 38 97) (61 33 28) (27 2 82) (17 96 90) (60 19 43) (5 28 90) (66 88 96) (96 80 28) (90 65 30) (80 14 73) (42 42 98) (60 45 18) (29 23 30) (61 76 88) (35 31 78) (44 9 20) (25 35 10) (65 68 30) (20 99 49) (99 67 60) (89 83 28) (25 61 7) (22 84 35) (12 64 16) (49 75 2)
double 56 (8.06 6.76 1.09) (4.82 5.64 1.46) (9.75 4.72 9.12) (2.41 6.5 2.31) (3.92 4.2 8.37) (5.15 2.28 9.36) (0.28 6.42 0.79) (5.83 0.33 9.64) (6.31 4.77 9.82) (1.21 3.29 3.52) (4.83 0.14 2.7) (5.23 8.84 1.65) (5.73 2.05 8.73) (5.32 3.66 0.55) (0.37 5.99 4.88) (0.01 1.22 1.81) (8.77 8.41 6.33) (8.81 8.19 6.36) (2.27 3.35 3.27) (1.37 4.05 2.91) (4.54 7.77 9.27) (6.02 1.08 6.12) (4.83 2.87 2.18) (1.71 2.25 0.18) (8.07 7.64 6.92) (5.45 8.69 5.22) (1.76 7.18 8.13) (0.25 2.61 2.94) (5.73 5.37 3.23) (5.75 2.11 2.26) (1.11 3.4 5.09) (3.34 5.01 6.17) (5.22 2.24 9.12) (1.03 9.41 3.81) (3.84 7.61 0.68) (0.08 7.52 1.35) (2.3 1.85 7.23) (7.75 2.97 9.8) (9.91 0.91 3.01) (2.64 5.65 4.9) (4.85 0.92 8.64) (5.94 3.58 4.76) (6.65 9.61 1.89) (4.46 1.48 8.49) (9.08 5.12 1.29) (0.03 9.64 1.26) (6.21 7.76 1.19) (2.07 1.22 1.69) (4.5 1.77 0.85) (8.58 7.08 1.61) (9.6 6.87 0.95) (0.64 1.04 5.66) (1.81 9.71 3.48) (2.12 5.49 7.25) (8.79 8.8 1.27) (9.58 8.1 2.46)
char 57 (b b j) (h a k) (t e p) (r t s) (s n g) (f c j) (b a a) (o f d) (i p r) (m g t) (a e m) (l e m) (i k h) (s f o) (j c k) (l r p) (b f s) (i f p) (a p n) (m s d) (i i e) (l e k) (n h f) (b p m) (l p d) (i f m) (c m m) (o r f) (b s a) (b n o) (p q q) (q e b) (k p a) (o s g) (k s b) (j m d) (q p l) (j q l) (t r m) (o n b) (g k f) (j p h) (e t h) (r p i) (g t b) (c g i) (n q b) (c e n) (s l a) (l b o) (m g g) (f r r) (k d g) (f h l) (o q q) (h j m) (l q a)
int 58 (47 12 34) (60 4 73) (11 34 53) (7 80 36) (3 13 60) (64 13 56) (55 40 13) (6 97 84) (52 74 50) (61 62 88) (49 54 83) (11 5 51) (10 52 97) (11 65 6) (67 33 13) (65 91 52) (86 59 13) (34 43 91) (82 11 89) (37 74 18) (49 28 12) (25 75 29) (81 82 27) (30 59 68) (74 64 83) (40 40 95) (90 1 19) (1 37 83) (27 24 75) (9 68 61) (17 31 74) (51 33 58) (46 63 27) (38 46 90) (53 53 29) (13 55 77) (21 71 87) (9 79 10) (97 92 99) (11 46 47) (68 33 44) (54 4 31) (46 90 31) (93 78 97) (34 38 4) (10 69 29) (66 44 4) (12 95 88) (68 86 25) (8 58 4) (56 30 54) (66 60 91) (42 87 12) (99 88 53) (63 58 4) (83 80 49) (10 99 41) (13 69 91)
double 58 (1.65 5.33 6.05) (2.78 4.45 4.38) (6.56 0.63 9.07) (9.32 1.82 9.18) (7.47 2.56 8.95) (3.36 8.92 4.03) (4.46 9.56 2.88) (5.24 6.18 3.72) (7.66 4.71 1.22) (1.02 9.27 2.68) (7.05 9.09 7.31) (9.95 6.87 0.27) (9.33 4.88 1.31) (8.14 7.88 3.12) (5.1 0.03 5.46) (4.41 9.4 6.03) (1.64 7.88 5.36) (4.66 5.35 6.23) (1.11 5.9 0.46) (4.55 6.11 1.65) (0.89 0.13 0.17) (9.97 7.56 6.98) (4.9 5.75 2.02) (4.34 2.26 6.41) (3.77 8.4 3.83) (0.68 8.01 7.21) (8.45 1.51 8.21) (7.61 6.84 9.42) (5.6 0.3 2.45) (3.48 5.76 2.18) (0.99 2.74 0.41) (7.91 2.55 8.6) (9.12 6.09 6.22) (5.01 9.86 6.79) (1.15 7.91 4.81) (3.49 2.39 3.49) (0.64 1.87 4.31) (2.45 9.37 4.05) (1.75 7.07 7.39) (0.52 0.77 2.94) (4.87 8.8 1.9) (7.59 1.91 5.12) (0.73 8.31 6.32) (0.68 2.14 7.93) (3.18 4.94 7.38) (3.64 9.76 5.36) (5.73 6.56 4.59) (2.2 4.32 3.73) (1.8 8.75 5.38) (1.47 0.55 9.38) (7.73 4.59 0.36) (3.88 4.41 2.69) (7.69 6.11 3.32) (5.28 2.6 4.65) (5.57 4.53 3.68) (2.27 7.04 1.86) (6.52 0.51 0.05) (9.44 5.41 4.59)
char 58 (i m j) (k n h) (r k h) (k t l) (q e e) (l c q) (j r q) (s k f) (k f n) (n p t) (s s l) (g a b) (b d r) (j m j) (r f p) (s k e) (j s h) (r n l) (d r n) (e j d) (e p n) (d o p) (n o f) (q g n) (j t j) (l j f) (m i h) (d i m) (q i i) (m h i) (t r f) (i d d) (p d g) (n j s) (f e j) (t e e) (b m b) (n h i) (a j f) (m s d) (j q p) (o e l) (o h m) (l j e) (f r o) (e i e) (d c h) (o j q) (h b m) (m n l) (t h s) (q o r) (i s r) (h k r) (q f n) (a k q) (d d f) (j e i)
double 60 (7.26 2.49 2.93) (0.44 6.88 0.83) (9.16 9.91 7.39) (5.58 3.66 6.62) (0.12 3.99 1.78) (5.75 0.96 7.52) (6.94 1.22 9.75) (0.54 7.85 7.72) (6.45 3.28 9.75) (1.27 9.58 1.75) (8.05 3.89 0.92) (0.1 4.47 4.31) (7.46 0.65 8.58) (7.78 7.7 5.29) (9.53 2.86 6.67) (1.77 2.33 7.38) (3.13 3.59 3.7) (9.8 7.29 2.09) (3.86 7.87 7.18) (4.73 4.26 3.78) (4.34 2.92 7) (9.71 0.49 0.51) (5.73 6.66 8.07) (4.69 3.36 1.26) (2.8 2.58 1.28) (6.47 5.73 0.99) (3.35 3.04 7.67) (8.5 2.53 3.42) (3.38 7.3 8.55) (0.29 3.21 6.61) (4.99 8.11 5.63) (1.67 1.69 8.74) (7.51 6.91 5.07) (1.12 1.38 8.86) (8.95 4.96 0.08) (8.5 6.64 8.5) (3.23 6.16 3.72) (7.07 2.12 1.07) (6.03 5.05 1.56) (8.34 0.71 2.99) (1.34 3.64 3.78) (7.49 1.67 0.89) (7.07 7.7 3.6) (9.37 1.55 6.76) (9.27 6.51 3.1) (0.42 6.73 4.99) (8.21 4.98 5.85) (1.82 9.06 3.34) (9.68 8.58 3.46) (1.97 4.46 8.74) (5.36 6.04 7.53) (8.35 7.56 9.94) (9.38 7.11 0.99) (3.95 3.39 9.36) (6.15 7.16 4.43) (6.23 3.72 7.24) (0.03 2.35 2.83) (6.63 5.8 1.13) (2.23 3.83 4.03) (3.23 0.22 5.26)
double 60 (9.2 4.39 4.5) (8.68 6.29 1.43) (9.73 8.7 6.32) (4.03 1.35 3.44) (1.83 8.72 6.56) (9.28 6.55 9.38) (3.82 6.46 9.4) (4.19 7.4 2.18) (0.34 9.12 9.93) (4.48 4.63 1.25) (6.88 6.1 0.17) (3.5 9.21 4.32) (8.97 1.08 9.91) (5.84 9.38 1.03) (1.23 5.78 7.87) (0.5 4.45 1.43) (9.04 5.53 0.25) (8.74 7.98 5.28) (3.9 7.58 5.6) (7.87 4.48 6.47) (2.15 2.84 6.18) (9.79 9.06 2.99) (6.29 4.57 9.08) (2.89 0.5 2.18) (3.18 4.95 9.28) (1.1 7.85 9.39) (3.7 2.12 5.29) (5.89 9.37 6.77) (7.27 2.11 4.24) (8.08 5.07 4.79) (9.25 7.04 7.49) (2.97 3.98 7.64) (4.55 5.43 0.47) (5.55 3.03 6.5) (3.82 6.21 8.22) (8.58 1.03 3.86) (0.03 4.39 4.74) (3.63 8.98 5.86) (1.47 6.54 5.53) (2.6 6.97 3.98) (6.48 4.16 6.28) (4.89 5.21 1.57) (1.77 0.25 6.07) (6.07 4.59 8.29) (4.7 2.55 9.23) (9.48 8.64 3.41) (1.97 7.41 4.03) (8.14 0.29 5.85) (7.87 0.8 3.12) (5.37 2.66 1.64) (0.04 3.14 7.49) (7.01 8.96 3.67) (3.27 5.86 2.68) (3.3 7.35 3.29) (7.19 3.15 8.18) (1.02 1.11 6.31) (2.7 4.81 2.49) (1.17 0.4 2.72) (9.88 1.04 9.18) (2.06 7.04 0.62)
char 62 (b c i) (i q c) (n f o) (q s p) (s q h) (r q f) (p c n) (p m o) (c k q) (o q f) (e k q) (h q d) (s b n) (g b t) (q r r) (l e a) (l n i) (k t s) (o l q) (f q m) (s q o) (d e d) (r s n) (r e b) (n g j) (a f c) (o g i) (k c j) (e o p) (a f n) (n l q) (h o b) (n r g) (a a r) (o f m) (k q j) (h h f) (f f n) (e b a) (f l c) (c i n) (j j g) (l a r) (i j j) (m f c) (r r p) (c p q) (d b t) (t m m) (q a o) (f d a) (e g g) (p l a) (s p d) (a q r) (p g g) (t a h) (f e n) (j n f) (b d j) (h s n) (r d e)
int 65 (66 66 14) (80 23 55) (90 84 61) (33 25 25) (67 95 33) (86 94 13) (17 19 72) (63 6 68) (37 24 23) (88 79 24) (60 67 83) (9 17 15) (17 88 1) (79 63 15) (48 95 76) (47 91 33) (71 75 90) (53 49 71) (12 93 43) (2 19 14) (58 48 73) (36 84 27) (88 84 12) (58 34 35) (12 24 41) (96 21 8) (39 21 76) (31 67 83) (4 6 24) (85 40 25) (4 78 9) (51 4 60) (5 72 74) (5 15 50) (55 19 82) (24 26 68) (9 47 27) (72 76 59) (94 93 2) (55 41 53) (99 32 97) (88 31 76) (52 67 11) (33 50 78) (59 86 5) (18 80 99) (42 64 44) (27 17 74) (44 13 60) (10 17 77) (81 99 43) (98 98 70) (81 27 43) (47 95 70) (55 88 66) (79 6 34) (39 14 16) (52 25 30) (56 86 55) (92 78 49) (18 20 48) (22 96 83) (46 47 75) (22 39 12) (97 30 85)
char 66 (s l d) (f i k) (p n p) (e f i) (g i g) (n e d) (o b o) (m n g) (n a f) (l a r) (h k t) (l i s) (e s q) (q h a) (t m h) (d o q) (g p f) (r e s) (e d k) (f p r) (t d n) (e d k) (f g q) (l q s) (k m s) (p o k) (i h c) (j t b) (t c b) (f l o) (t f m) (h b h) (a b i) (l t d) (n k l) (a c l) (s l h) (d m d) (s m n) (d b k) (l m h) (c r h) (i s s) (r e h) (q i r) (c c q) (b l b) (o o n) (i c f) (o r k) (r j c) (a r s) (m r s) (d e b) (t q j) (p e g) (p p g) (t g c) (p k d) (o b p) (n n p) (f o t) (r b f) (i q c) (k o m) (s n d)
char 66 (d e t) (d m g) (s t g) (o m q) (c m a) (r n o) (j a s) (b j t) (s i f) (j n a) (q p e) (f c b) (h s h) (q a i) (c j a) (i d k) (b j k) (e i l) (k r j) (g o e) (r r o) (b f d) (b d k) (t m l) (o o l) (c m o) (b m t) (p b l) (a h e) (r q g) (j t m) (j j p) (c l n) (j k e) (e t a) (c p e) (e k d) (f i b) (h p b) (l c f) (k a a) (q s t) (d k f) (j q p) (m m r) (n l k) (k d e) (g g r) (d p k) (p l f) (a g q) (m j c) (r o m) (e n n) (h f e) (t h r) (b j a) (d b d) (m n a) (r m n) (j q m) (q k n) (l m c) (n i o) (j s r) (e n f)
char 68 (n t e) (t n e) (p q q) (i q d) (o c g) (g n h) (a o t) (i f i) (m j q) (k r k) (g k h) (o s h) (j t m) (p i m) (t e a) (o o c) (i m h) (j j e) (n o f) (h j t) (d l o) (f c e) (l b m) (f f i) (p m c) (q o t) (c o t) (o q r) (n b k) (g n b) (a c t) (c l r) (m n r) (m h d) (o i p) (l g p) (q t j) (n h b) (a i c) (t r b) (a b a) (l o r) (l g p) (m t b) (s n q) (h s l) (o e l) (m b h) (b r b) (s t o) (b c r) (g t r) (a t h) (s q c) (n s o) (m q o) (l s h) (c d m) (d l q) (a l o) (q a o) (j g d) (t m p) (s o k) (g f c) (j p h) (d t o) (h g o)
bool 70 (0 0 1) (1 0 1) (0 1 0) (1 0 0) (1 0 1) (1 0 1) (0 0 1) (0 0 1) (0 0 1) (1 1 1) (1 1 1) (0 1 0) (1 0 1) (1 0 1) (0 0 0) (0 0 0) (1 1 0) (0 1 0) (1 1 0) (0 1 0) (1 1 0) (1 1 0) (0 1 0) (0 0 0) (1 1 0) (1 0 0) (0 0 1) (1 1 0) (1 0 0) (0 0 1) (1 1 1) (1 0 1) (0 0 1) (0 1 1) (1 1 1) (0 0 0) (1 1 1) (1 1 1) (1 0 1) (0 1 0) (0 1 0) (0 1 1) (1 1 1) (1 1 0) (0 0 0) (0 0 0) (1 1 1) (1 0 1) (0 1 0) (1 1 1) (0 0 1) (1 1 0) (0 1 0) (1 1 0) (1 0 0) (1 0 1) (0 1 1) (1 1 1) (1 1 1) (0 0 1) (0 0 1) (1 0 1) (0 0 0) (0 0 0) (1 0 0) (0 1 1) (1 0 0) (1 0 1) (1 1 1) (1 0 1)
double 71 (6.05 8.03 8.93) (1.5 3.16 1.4) (9.21 6.28 1.38) (1.7 8.02 7.73) (5.64 1.96 5.2) (8.2 2.38 2.83) (3.4 0.12 9.36) (7.94 2.33 7.6) (0.4 0.77 5.83) (1.72 5.42 0.4) (2.62 4.79 7.49) (2.43 2.35 3.34) (3.58 5.37 6.25) (8.94 4.05 0.39) (5.01 6.64 9.6) (3.37 4.66 5.96) (7.97 8.43 0.73) (4.47 7.83 2.65) (1.05 3.53 0.25) (7.05 5.23 4.87) (3.35 1.33 3.29) (5.23 0.97 8.66) (8.64 7.55 6.21) (0.21 3.75 2.91) (0.9 8.41 4.39) (3.93 0.66 2.13) (0.55 6.24 9.45) (6.17 5.96 1.92) (3.08 3.56 8.12) (2.16 7.96 3.96) (6.09 1.97 5.52) (1.33 6.61 3.01) (1.07 8.46 1.68) (1.61 0.04 5.95) (6.69 1.21 3.57) (8.66 7.17 3.37) (0.52 1.99 0.03) (6.48 2.02 5.11) (9.18 6.66 8.43) (2.69 6.63 1.03) (8.58 2.27 6.97) (0.83 7.49 6.81) (9.59 1.95 6.33) (7.16 8.99 4.74) (5.67 1.1 7.38) (0.85 9.48 9.36) (2.68 5.04 9.49) (8.34 7.7 2.64) (9.01 4.08 5.69) (7.72 9.92 6.91) (7.96 0.67 8.02) (6.49 7.96 6.13) (2.89 4.32 6.9) (1.87 5.09 1.43) (5.61 3.39 1.37) (1.53 2.04 5.01) (3.49 4.24 6.2) (0.77 7.13 2.31) (9.14 7.68 5.04) (2.89 5.7 9.73) (4.72 6.46 3.66) (5.94 3.58 8.36) (8.01 3.58 5.99) (9.78 7.35 9.17) (9.88 1.35 9.01) (4.56 2.34 3.09) (6.92 3.68 4.38) (3.55 0.19 7.48) (9.54 6.71 0.38) (0.92 2.44 3.43) (6.95 5.06 1.64)
double 71 (5.52 6.03 8.38) (8.53 3.8 8.74) (9.74 7.32 0.68) (0.61 0.69 7.8) (7.72 1.75 9.73) (6.9 7.88 9.65) (7.59 9.09 2.18) (1.39 9.56 2.21) (1.2 2.47 1.85) (7.96 3.33 4.88) (5.67 7.23 9.78) (4.34 6.45 5.18) (7.16 4.66 2.55) (3.88 8.53 5.56) (2.1 0.45 4.38) (6.29 8.9 1.96) (8.99 4.55 9.06) (4.04 3.92 3.55) (9.29 0.52 2.27) (5.77 2.72 5.99) (1.88 9.87 1.03) (9.8 7.53 5.33) (4.29 0.4 1.18) (7.38 2.86 6.59) (6.84 9.91 7.09) (4.84 2.21 5.3) (1.95 0.28 0.09) (2.52 5.83 5.33) (8.41 6.38 4.37) (7.95 8.43 0.9) (6.8 3.59 2.83) (4.48 2.81 5.15) (4.79 4.92 2.19) (7.59 5.66 5.75) (9.86 9.71 3.48) (3 6.23 2.28) (4.61 1.29 1.53) (6.94 9.45 4.13) (1.22 2.5 4.15) (3.48 3.4 2.85) (8.15 5.72 7.01) (7.82 3.01 5.38) (6.97 5.89 0.6) (9.34 3.76 1.26) (7.36 1.44 2.14) (9.01 7.59 8.27) (3.68 9.69 6.17) (8.83 5.73 2.44) (7.58 3.14 1.92) (8.08 8.26 1.12) (2.57 9.48 6.38) (4.02 3.95 5.71) (1.4 7.67 5.1) (8.81 6.44 0.24) (4.7 0.64 8.59) (2.41 7.27 3.85) (2.19 0.55 1.5) (2.11 3.22 7.69) (5.98 5.4 4.67) (6.52 9.96 5.59) (6.18 8.58 4.77) (4.5 1.05 0.36) (6.64 4.85 5.51) (3.59 9.05 3.71) (1.29 9.1 1.92) (7.71 7.15 7.47) (4.04 3.95 1.5) (9.46 4.93 7.49) (9.16 5.59 1.67) (4.5 7.41 1.96) (3.77 6.96 5.17)
int 72 (38 3 20) (57 57 43) (30 98 83) (90 21 32) (30 46 93) (38 67 38) (52 18 90) (12 70 1) (54 67 11) (13 75 20) (22 1 81) (50 40 26) (82 83 40) (60 22 17) (76 73 75) (3 60 44) (79 16 36) (95 7 43) (74 22 86) (91 29 81) (77 46 99) (70 6 38) (65 23 95) (47 10 23) (86 71 56) (93 92 12) (72 38 73) (87 11 56) (18 75 76) (92 6 79) (61 53 67) (29 8 25) (7 41 92) (28 40 4) (34 90 31) (77 94 89) (67 85 50) (19 88 64) (29 42 72) (18 84 90) (26 12 22) (71 14 13) (83 30 72) (81 59 60) (57 32 66) (70 54 84) (93 7 80) (54 1 2) (13 30 47) (69 8 91) (3 25 89) (92 27 39) (78 98 61) (1 96 79) (49 30 26) (82 97 88) (88 65 70) (10 7 39) (84 82 38) (16 59 43) (8 24 91) (51 74 32) (90 47 12) (94 18 65) (92 10 3) (62 10 35) (37 40 87) (65 49 17) (35 4 59) (76 27 60) (31 17 68) (70 41 53)
bool 72 (1 1 1) (1 0 0) (0 1 1) (0 1 1) (0 0 1) (1 0 0) (1 1 1) (0 0 0) (0 1 1) (0 1 0) (1 0 0) (0 0 0) (0 1 0) (0 0 1) (0 1 0) (0 0 0) (1 0 0) (0 0 0) (1 1 1) (0 0 0) (0 1 1) (1 1 0) (1 0 1) (0 1 1) (0 1 1) (0 0 1) (1 0 0) (0 0 0) (1 1 0) (1 0 1) (1 1 0) (0 1 1) (0 0 0) (0 1 1) (1 1 1) (0 0 1) (0 0 0) (0 0 1) (0 1 1) (1 1 1) (1 0 1) (0 1 0) (0 1 0) (1 0 0) (0 0 1) (0 0 0) (0 1 0) (1 0 1) (0 1 0) (0 1 0) (0 1 0) (0 0 0) (0 1 0) (1 0 0) (0 0 0) (0 1 1) (1 1 0) (1 1 0) (0 1 1) (0 0 1) (0 0 0) (0 1 0) (1 1 0) (0 0 1) (1 0 0) (1 0 1) (1 0 1) (0 0 1) (1 1 1) (0 1 0) (1 1 1) (1 1 1)
char 73 (e q i) (r k q) (o h q) (q n d) (r p q) (e e a) (l g k) (q b m) (t o o) (t c m) (h a b) (c o h) (k e k) (t t l) (g c j) (m m l) (i p q) (f o m) (p d e) (a t a) (p e n) (a m h) (l h j) (i b j) (a h e) (k m i) (g t s) (o g n) (l f l) (l j p) (s r b) (f j m) (o s b) (l j c) (f m d) (r h r) (j n c) (d a h) (o i e) (b l f) (a b f) (b k p) (n n d) (j k p) (q b g) (a i j) (g n q) (r q r) (j g j) (n h q) (r b d) (l r o) (p a h) (j i e) (a q o) (f q f) (f c t) (s o n) (b r n) (g n l) (c r r) (f s s) (p b r) (c p i) (g t f) (g c o) (r h o) (b j a) (n i q) (d n d) (l t k) (t h a) (b l e)
double 79 (3.13 5.41 1.74) (3.35 3.66 6.26) (7.74 6.14 6.57) (2.64 7.5 7.21) (2.32 2.78 3.52) (6.46 0.56 1.19) (8.18 1.75 7.21) (2.11 9.73 5.55) (7.41 1.81 5.55) (1.96 9.7 8.42) (0.85 7.62 2.69) (3.86 8.93 0.07) (6.65 9.67 0.74) (6.13 2.5 3.05) (9.55 9.6 5.86) (9.24 6.84 2.09) (4.15 6.5 8.36) (6.2 9.32 4.15) (7.57 2.91 5.34) (7.18 6.98 8.42) (6.59 6.72 2.03) (9.75 0.14 5.41) (1.46 3.42 7.69) (0.36 1.16 4.44) (4.07 1.31 8.57) (2.72 4.18 8.97) (9.6 8.37 9) (2.73 3.04 2.97) (0.25 3.74 2.32) (7.9 4.03 6.56) (2.84 6.43 7.07) (6.35 2.3 7.03) (1.59 0.11 0.14) (3.88 8.89 8.15) (0.32 0.1 3.14) (7.45 4.08 5.4) (2.23 7.09 2.47) (7.6 3.22 3.57) (9.43 8.71 9.86) (5.88 9.22 4.71) (8.68 7.38 2.87) (1.99 3.56 7.43) (3.95 9.01 0.58) (5.95 3.02 5.09) (9.68 8.04 1.09) (0.53 0.2 5.02) (0.85 9.81 4.15) (9.33 4.54 1.73) (9.14 9.79 0.68) (2 7.16 1.68) (5.46 8.68 9.33) (8.16 9.73 1.07) (8.26 7.26 2.63) (7.77 8.82 4.6) (6.29 3.62 9.11) (9.12 2.21 1.74) (3.68 8.2 7.99) (0.15 6.28 8.08) (2.3 6.26 8.15) (6.92 0.24 6.16) (5.95 5.37 4.21) (9.14 6.59 5.37) (5.16 1.5 8.27) (0.89 2.04 4.79) (3.89 5.82 2.7) (6.57 6.8 3.33) (0.17 7.9 1.52) (2.48 5.82 7.15) (4.42 4.66 2.9) (2.52 0.01 3.58) (8.51 2.85 7.89) (1.68 4.25 3.76) (5.09 9.94 1.35) (1.29 2.28 0.34) (2.43 5.59 0.18) (0.32 0.31 1.41) (1.86 9.8 7.73) (8.77 9.07 6.95) (8.64 6.59 9.14)
bool 81 (1 0 1) (0 1 0) (1 1 0) (1 0 0) (0 1 0) (0 1 0) (1 0 1) (0 1 1) (1 1 1) (1 0 1) (1 1 1) (0 1 0) (0 0 0) (0 0 0) (1 1 0) (1 1 0) (0 1 1) (0 0 0) (0 0 0) (1 0 0) (0 0 1) (0 1 1) (0 1 0) (0 1 1) (1 1 1) (1 1 0) (1 0 1) (1 0 0) (1 1 1) (0 1 1) (0 1 1) (1 0 1) (0 1 0) (0 1 1) (0 0 1) (1 0 1) (1 0 0) (1 0 1) (1 1 0) (1 0 0) (0 1 1) (1 0 1) (0 0 1) (1 1 0) (0 1 1) (0 0 0) (1 0 0) (1 0 0) (0 1 0) (1 1 0) (1 0 0) (1 0 0) (0 1 1) (1 0 0) (1 0 1) (1 0 1) (1 1 1) (1 0 1) (0 1 1) (1 1 1) (1 1 1) (1 0 1) (0 1 1) (0 1 1) (0 1 1) (0 1 1) (1 0 1) (1 0 0) (0 1 1) (0 0 0) (1 1 1) (1 1 1) (1 1 1) (1 0 0) (1 1 0) (0 1 1) (1 1 0) (1 1 0) (0 0 1) (1 0 1) (1 1 0)
char 81 (t d g) (a m l) (p a n) (r a f) (d f m) (h m r) (s k i) (s t d) (d f f) (h g p) (c r r) (i t s) (m m h) (s k q) (l e e) (t h p) (g j j) (m d s) (t i d) (s h o) (h q m) (d m d) (b g o) (d j e) (p s n) (l h j) (f f b) (g g o) (q e p) (p k m) (g i k) (s l i) (o r n) (p s m) (i q g) (e g f) (c j s) (o m d) (c j n) (f d b) (i t h) (m f e) (i g o) (n q t) (s a o) (a g f) (c l t) (c l k) (l e s) (o a g) (q n p) (t h l) (e h d) (t l k) (p d j) (k p r) (d f g) (s g f) (n f i) (o r j) (b n k) (c i h) (d o m) (c d t) (f b q) (i d k) (p e b) (g d b) (s l g) (m g g) (b m j) (p n r) (d o k) (g n k) (o e d) (f g s) (a l b) (h d g) (i p l) (h c b) (f q i)
int 82 (47 36 55) (32 18 11) (5 67 79) (66 82 67) (30 91 48) (14 51 9) (95 76 47) (99 48 60) (38 48 61) (77 1 23) (87 26 43) (27 78 64) (86 97 60) (9 18 88) (94 63 79) (26 29 62) (98 57 18) (49 23 56) (46 63 46) (6 39 50) (46 98 84) (83 76 40) (93 88 61) (40 90 98) (86 44 17) (27 20 84) (70 84 52) (66 79 8) (92 13 17) (31 70 88) (23 30 3) (66 52 23) (94 87 14) (20 20 74) (17 85 70) (1 82 24) (4 13 75) (88 59 23) (16 1 69) (97 84 24) (56 47 23) (94 69 49) (60 95 48) (4 49 80) (5 73 32) (11 15 42) (36 21 11) (55 19 16) (43 24 90) (37 20 49) (77 23 46) (30 32 36) (5 3 14) (54 60 92) (28 96 70) (64 11 72) (85 44 13) (49 20 63) (56 62 18) (80 47 8) (8 63 18) (6 58 23) (9 24 85) (12 72 74) (60 31 98) (37 7 38) (24 4 55) (37 70 37) (35 92 27) (37 34 36) (45 61 62) (39 65 28) (68 18 33) (66 19 22) (7 91 17) (63 33 11) (68 16 22) (65 51 32) (90 86 38) (53 18 76) (40 6 44) (41 84 83)
bool 82 (1 0 0) (0 1 1) (0 0 0) (0 1 0) (0 1 1) (1 0 0) (0 0 1) (0 1 0) (0 0 1) (0 0 1) (0 1 0) (0 1 1) (1 1 0) (1 1 0) (0 0 1) (0 1 0) (1 0 1) (1 1 1) (0 1 1) (0 0 1) (1 1 0) (1 0 1) (1 0 0) (1 0 0) (0 0 1) (1 0 0) (0 1 0) (0 0 1) (1 1 0) (1 1 0) (0 1 0) (1 0 1) (1 1 0) (0 0 1) (1 0 0) (1 0 1) (1 0 0) (1 1 1) (1 0 1) (0 0 1) (1 0 1) (0 1 0) (1 0 1) (1 1 0) (0 0 1) (0 1 0) (1 1 0) (1 0 0) (0 1 0) (1 0 1) (0 1 1) (0 1 0) (0 1 1) (0 0 0) (0 0 0) (1 1 0) (0 1 0) (1 0 1) (1 0 0) (0 0 1) (1 0 0) (1 0 0) (1 0 0) (0 1 0) (0 1 1) (0 1 0) (0 0 1) (1 1 0) (0 1 1) (1 1 0) (0 0 0) (1 1 0) (1 1 1) (1 0 0) (0 0 1) (1 0 1) (1 0 1) (0 0 1) (1 0 0) (0 0 0) (0 1 1) (0 0 1)
char 83 (i k b) (m d m) (g i t) (t t f) (j d c) (i q r) (o s l) (d b k) (s f n) (s n k) (j p s) (g e m) (t h f) (c f g) (k j f) (m j i) (q t j) (l h t) (e m b) (c r m) (b q p) (n l o) (g t b) (k t t) (g s t) (h s o) (j s d) (q d m) (m f d) (d i m) (o r r) (a g n) (f n j) (o r m) (d t r) (t c j) (h e f) (l f a) (i o p) (n g h) (g h h) (c t n) (g b o) (d c p) (p p g) (b s f) (f f j) (s h l) (m q m) (b f l) (e d n) (f d k) (a h e) (a t p) (n d c) (m f e) (d r s) (n t i) (s t p) (m d t) (c r i) (s c m) (d b q) (e f r) (j o k) (r n d) (n h q) (c n h) (k d n) (o i t) (k b e) (p o e) (n t t) (b t k) (g k b) (b d i) (d q p) (b e i) (d n j) (q r m) (i o k) (l h m) (a s c)
bool 84 (0 0 0) (0 1 1) (1 0 1) (0 0 1) (0 0 1) (0 1 1) (0 1 1) (0 1 1) (1 1 1) (1 1 0) (1 1 1) (0 1 0) (0 1 0) (1 1 1) (0 1 1) (0 1 0) (0 0 0) (0 0 1) (0 1 0) (1 1 1) (0 0 0) (0 0 1) (1 1 1) (1 0 0) (0 1 0) (1 0 1) (1 0 1) (1 0 0) (0 0 0) (0 1 1) (0 1 0) (1 1 1) (0 0 0) (0 0 0) (1 0 0) (1 1 0) (0 1 1) (0 0 0) (0 0 1) (1 1 1) (0 0 1) (1 1 0) (0 1 1) (0 0 0) (0 0 0) (0 1 0) (1 0 0) (0 1 0) (1 1 0) (0 0 1) (1 0 1) (1 1 0) (1 1 0) (0 0 0) (0 0 0) (0 1 0) (1 1 0) (0 1 1) (1 0 0) (0 0 0) (1 0 0) (0 0 0) (1 1 0) (0 0 1) (0 0 0) (1 0 1) (1 1 1) (1 0 0) (1 1 1) (0 0 0) (1 0 0) (0 0 0) (1 0 0) (1 1 0) (1 1 1) (1 0 0) (0 0 0) (0 1 1) (1 0 1) (0 1 0) (0 0 1) (1 1 1) (0 1 1) (1 0 0)
double 85 (9.03 7.07 3.3) (7.15 2.07 7.72) (4.81 6.52 3.07) (5.36 8.01 5.18) (1.97 4.8 8.45) (3.52 6.39 6.28) (2.88 1.78 9.17) (5 7.77 3.26) (9.58 7.18 6.76) (5.32 6.47 8.12) (0.23 4.24 4.97) (5.67 1.93 1.01) (4.71 7.55 7.76) (7.54 4.41 6.82) (3.33 5.93 0.69) (1.24 4.75 2.34) (6.24 3.7 7.23) (5.57 9.4 4.36) (7.29 8.42 6.43) (3.11 5.62 9.71) (1.26 6.7 8.34) (9.47 3.73 3.77) (6.53 0.66 1.23) (0.53 9.46 2.4) (2.79 6.68 7.51) (6.86 0.77 8.99) (1.56 9.13 7.59) (9.78 6.92 8.78) (5.65 6.43 1.95) (9.81 1.31 6.78) (3.35 8.8 6.01) (4.5 8.23 0.22) (6.57 4.81 1.51) (2.86 0.21 7.92) (0.83 2.37 5.59) (2.59 4.65 3.71) (1.51 3.32 5.27) (3.44 9.56 4.68) (2.43 2.94 5.5) (7.32 7.66 5.39) (7.3 5.68 4.89) (3.32 7.67 9.38) (5.36 8.73 6.98) (2.41 9.24 6.57) (0.18 3.78 2.4) (9.41 0.34 2.51) (7.94 0.25 7.95) (5.02 8.72 4.22) (9.03 7.77 0.37) (1 8.88 4.24) (0.76 2.67 5.61) (8.28 2.33 8.15) (7.66 7.74 3.24) (2.04 0.83 1.87) (8.56 8.87 6.22) (0.34 4.29 4.7) (4.79 4.71 1.41) (8.18 5.56 9.8) (3.05 5.02 5.41) (5.6 7.97 6.64) (6.89 5.81 7.51) (0.44 5.38 7.84) (5.1 1.95 5.1) (2.97 1.59 4.18) (8.66 9.55 1.97) (7.97 4.72 5.6) (9.03 2.66 8.47) (3.93 1.11 0.16) (6.18 4.41 5.31) (2.22 5.2 8.2) (4.14 7.71 5.58) (7.78 9.27 0.62) (2.59 0.11 0.61) (3.22 9.11 7.52) (4.2 4.79 4.49) (2 9.47 6.67) (2.72 3.92 9.14) (3.68 9.04 2.99) (6.97 3.13 3.35) (1.04 9.92 7.52) (1.97 6.55 1.8) (0.51 5.67 4.2) (9.06 5.55 0.03) (5.23 5.49 9.61) (0.84 3.19 0.14)
char 85 (q g b) (l g t) (e e r) (d p l) (a o a) (e d t) (i q c) (q r g) (p e l) (h g p) (o n i) (h d c) (f c e) (s j s) (n a t) (r l d) (l f a) (p q m) (d m j) (h n r) (f m d) (t m j) (f j b) (j c o) (f g n) (j t g) (d b c) (h a a) (q j i) (t g p) (l t s) (f p d) (h l b) (m a i) (o o i) (a g t) (i s o) (l d h) (q p r) (j o k) (i p s) (c b a) (o t c) (a i b) (t p a) (n c h) (d r n) (i f q) (j n n) (i d i) (a k r) (r a f) (j r i) (s o o) (h q m) (p f t) (e e t) (f d s) (m n i) (q j f) (n n a) (d j n) (a h c) (d r t) (f p j) (o q o) (a q a) (h n b) (r s b) (b i q) (d h b) (g b m) (o c a) (o o m) (j r h) (g a h) (r f j) (e f i) (h t k) (r t q) (m j o) (b r s) (t t k) (i q j) (t n m)
char 88 (q f k) (q k h) (s t b) (q l j) (i d g) (o s d) (q q i) (s i e) (a k s) (s c p) (c s h) (t g e) (q c f) (o n d) (c n h) (r f l) (i l j) (s s p) (s r r) (r o p) (b t f) (b t n) (g c s) (t c t) (d n o) (p d b) (i l r) (i e h) (a q l) (h d s) (j i c) (n o r) (s o q) (o e q) (l t m) (o q r) (c m s) (i s s) (l j m) (t f k) (p d t) (m s b) (l c p) (i o c) (c s a) (a m t) (a c c) (l p t) (r b e) (b o f) (d a f) (h q i) (s b t) (f b l) (f j j) (g r i) (n i b) (i n j) (d d o) (t a l) (r r e) (k t b) (c o h) (o r j) (b c p) (f c s) (b q r) (i j c) (a t d) (l f t) (e o d) (f g g) (c k t) (j n q) (q b m) (k m c) (g h r) (l q l) (n d h) (t l q) (i o h) (o r g) (q f b) (l c k) (j k g) (t j b) (t k b) (q f e)
int 88 (67 80 36) (28 68 16) (88 3 53) (51 85 41) (30 82 80) (88 53 30) (42 4 1) (26 66 44) (31 93 90) (21 76 91) (52 8 20) (46 16 10) (86 40 33) (83 59 15) (19 10 6) (37 76 52) (87 81 96) (36 55 46) (22 52 7) (58 82 8) (45 32 28) (35 30 56) (39 11 29) (92 22 6) (69 19 97) (81 28 99) (57 48 73) (88 61 53) (50 55 60) (25 3 78) (92 86 50) (54 74 29) (93 92 64) (63 11 73) (80 83 31) (98 72 37) (91 14 47) (46 54 28) (6 64 68) (38 42 35) (2 34 43) (17 36 58) (83 89 71) (99 64 61) (43 57 84) (13 99 98) (11 95 27) (69 47 96) (7 64 76) (18 19 88) (44 58 11) (47 26 90) (49 42 53) (32 30 2) (31 54 73) (84 73 26) (50 24 38) (7 67 84) (59 75 59) (23 77 32) (2 59 33) (97 96 4) (64 51 24) (48 48 97) (78 24 15) (33 91 9) (71 69 75) (29 21 30) (6 75 31) (46 90 58) (82 87 28) (5 29 6) (1 45 72) (17 68 38) (80 48 3) (48 50 17) (90 44 5) (55 56 16) (46 44 72) (89 91 46) (94 3 75) (73 85 47) (81 61 67) (75 60 73) (97 84 70) (20 73 17) (32 43 40) (62 52 44)
char 88 (b t m) (p r o) (s n o) (i a r) (h k g) (p d k) (h r o) (d o k) (d c a) (j i e) (f j i) (j c i) (n t r) (k a m) (r b k) (m p j) (s q t) (p d c) (a n f) (r h h) (f a k) (b e o) (n m f) (m e q) (l s h) (c c q) (k k a) (m d e) (g i g) (o k d) (a j e) (l j l) (h r j) (j q m) (d h k) (e p k) (c l i) (o h t) (n c t) (o m p) (p e g) (a i e) (m r o) (j e j) (m f l) (r p e) (g j h) (a s b) (e t b) (o p g) (a l b) (f s g) (b p o) (g a p) (c m e) (n p n) (o i n) (r l m) (c t e) (t r c) (g f i) (s t s) (o b s) (f o i) (k h q) (a l m) (m n g) (o a n) (b k a) (m f g) (c t q) (k h k) (r g q) (e m o) (f m e) (t c t) (l s c) (e b f) (m t q) (f i c) (l c l) (s i o) (h i b) (g k q) (b m f) (q l p) (q s m) (e j p)
double 89 (9.41 6.58 8.29) (8.03 7.49 1) (9.12 9.53 1.21) (2.83 0.61 2.98) (6.21 5.22 6.8) (1.16 8.61 1.41) (3.38 8.76 8.28) (4.29 1.31 9.86) (8.61 7.44 9.35) (3.47 0.56 2.87) (7.91 7.26 6.57) (7.73 2.84 1.21) (6.23 4.58 7.67) (7.2 5.16 9.41) (0.82 6.81 2.74) (0.62 2.78 4.63) (3.04 4.12 0.32) (6.13 8.1 2.98) (2.49 9.86 0.09) (0.96 8.29 7.27) (8.59 9.51 6.02) (7.56 1.67 5.11) (2.87 7.14 4.29) (0.76 2.9 6.38) (0.21 8.25 2.08) (3.58 0.71 5.25) (3.68 6.67 3.86) (5.75 2.77 3.22) (3.64 7.9 2.53) (6.43 8.67 6.41) (0.9 7.81 0.54) (0.54 5.11 7.08) (4.35 0.01 2.28) (0.54 0.14 0.21) (1.14 3.91 3.84) (1.61 6.48 7.19) (0.4 7.54 8.37) (9.81 3.01 7.28) (2.01 1.12 5.27) (7.87 1.93 1.27) (2.27 7.05 6.26) (7.46 4.64 6.17) (5.52 4.93 8.54) (0.53 8.75 4.01) (9.84 7.48 3.6) (2.54 0.23 6) (4.77 4.91 2.97) (4.24 3.35 0.46) (9.82 5.74 6.91) (7.42 9.71 2.92) (5.6 1.18 7.87) (2.02 6.35 0.47) (2.08 3.73 1.99) (5.16 6.32 1.81) (3.81 0.78 6.12) (1.3 2.81 9.02) (8.09 0.95 9.24) (7.32 4.44 0.67) (1.09 6.89 0.56) (2.26 8.64 1.14) (4.68 5.82 7.38) (4.56 6.55 9.79) (5 2.79 9.13) (8.56 1.74 8.2) (1.27 7.41 2.54) (1.71 8.69 1.58) (9.68 0.87 0.94) (9.85 7.97 8.41) (0.25 9.55 0.47) (0.46 6.28 0.39) (5.98 0.95 6.26) (8.99 4.78 6.17) (9.46 2.67 2.98) (5.54 6.52 0.21) (6.19 9.94 4.21) (6.48 0.94 4.35) (2.29 2.59 4.52) (2.9 5.84 6.16) (9.03 7.15 8.65) (4.94 8.83 9.78) (4.03 3.54 7.77) (9.14 6.58 6.96) (3 9.99 4.92) (0.51 2.51 8.39) (6.35 9.36 7.1) (2.57 0.37 2.51) (9.54 7.23 8.77) (5.8 7.98 6.9) (4.57 4.64 6.13)
int 91 (84 21 45) (41 11 42) (75 28 53) (35 70 72) (37 36 94) (97 90 84) (32 79 69) (85 43 79) (54 63 78) (60 53 66) (12 74 23) (68 99 5) (52 26 88) (21 94 85) (47 44 78) (24 65 96) (43 5 48) (34 95 98) (40 98 35) (7 27 11) (55 76 46) (61 98 28) (63 81 3) (55 73 21) (36 29 19) (89 94 7) (98 42 50) (2 60 47) (23 36 57) (50 39 18) (80 28 11) (9 18 35) (55 67 25) (12 59 43) (5 46 44) (96 44 60) (92 85 68) (30 30 16) (53 69 53) (82 2 16) (51 96 97) (32 49 30) (46 89 32) (44 25 68) (92 2 89) (76 40 10) (59 6 62) (42 32 51) (3 40 27) (95 49 1) (40 3 77) (42 42 97) (54 53 46) (64 28 49) (52 12 87) (17 37 81) (48 8 72) (23 79 60) (90 22 96) (88 64 39) (4 50 98) (11 63 1) (75 65 84) (89 55 36) (1 18 38) (2 22 17) (97 26 30) (9 75 55) (99 74 45) (40 13 28) (59 98 62) (90 25 25) (19 31 6) (67 58 22) (24 32 45) (31 16 65) (28 9 17) (13 30 62) (75 21 5) (8 38 88) (63 27 4) (84 77 89) (71 20 37) (96 44 27) (12 47 1) (89 18 35) (75 30 55) (21 54 21) (17 29 21) (51 58 66) (61 31 92)
int 93 (8 29 66) (70 28 53) (75 83 5) (78 80 12) (98 63 97) (74 69 92) (88 27 88) (28 34 6) (75 12 97) (91 50 20) (70 19 2) (2 13 7) (12 6 77) (30 20 57) (63 77 64) (22 65 8) (85 20 58) (25 84 6) (25 52 23) (89 72 49) (77 10 95) (2 44 77) (81 85 63) (14 70 43) (17 57 2) (46 20 89) (98 94 16) (87 74 56) (52 37 24) (58 73 28) (55 9 22) (88 47 24) (54 74 83) (31 92 56) (73 21 28) (20 88 82) (97 87 83) (11 67 22) (93 83 36) (21 26 59) (46 50 49) (71 48 37) (89 65 77) (73 85 59) (41 42 85) (96 73 82) (7 22 60) (41 51 20) (68 63 93) (76 33 79) (90 34 23) (44 94 16) (55 79 16) (37 21 30) (58 86 53) (73 64 30) (14 4 47) (35 18 11) (34 24 15) (12 26 28) (4 12 38) (71 29 20) (95 26 65) (87 49 37) (55 73 35) (85 96 49) (96 17 94) (48 3 96) (39 47 82) (61 3 13) (13 30 9) (4 5 74) (45 86 76) (9 95 38) (32 43 19) (69 2 5) (65 72 81) (25 33 86) (74 76 49) (97 61 93) (72 18 1) (42 57 29) (52 3 42) (12 66 40) (57 29 15) (57 47 58) (39 35 82) (80 61 88) (77 95 54) (66 30 8) (51 66 24) (22 53 49) (90 25 15)
double 93 (0.4 1.61 5.65) (3.35 4.56 7.43) (1.02 1.34 4.58) (9.36 8.1 5.63) (3.9 7.85 5.71) (0.15 9.22 1.99) (7.31 8.01 3.19) (8.07 8.81 7) (9.6 0.69 8.94) (2.98 8.4 7.12) (0.27 9.48 8.6) (4.28 4.43 0.36) (4.31 7.07 3.78) (7.79 7.13 9.36) (7.28 7.88 7.21) (2.44 9.29 6.08) (7.84 2.78 7.01) (8.16 4.07 9.07) (5.33 3.23 8.37) (3.56 4.48 1.34) (2.52 6.17 9.65) (2.4 3.75 5.7) (7.48 7.99 5.2) (9.79 4.12 7.54) (7.44 7.63 5.4) (2.46 6.3 4.14) (0.82 2.93 5.08) (6.53 5.18 0.56) (1.92 5.64 1.31) (1.28 5.55 8.44) (7.45 1.1 7.56) (3.69 4.82 8.75) (8 7.29 8.8) (8.42 6.15 2.94) (2.96 0.13 6.69) (3.44 4.67 8.7) (4.81 4.62 5.68) (2.87 2.47 6.87) (0.42 6.58 8.05) (9.11 8.2 4.67) (3.65 0.93 3.34) (4.64 7.36 1.45) (1.71 0.23 8.97) (6.28 8.59 2.63) (2.14 5.74 8.16) (7.69 8.15 0.08) (4.45 7 2.29) (4.95 1.6 6.78) (1.43 7.03 2.19) (7.04 2.09 0.19) (2.17 4.11 1.66) (0.82 8.29 1.17) (6.11 6.69 3.02) (3.71 5.86 6.74) (5.49 9.82 8.07) (7.4 8.5 2.03) (3.8 6.74 6.81) (3.42 1.95 9.16) (4.46 0.19 6.68) (9.22 3.17 9.16) (6.5 7.37 7.99) (2.95 2.33 7.8) (1.78 2.97 5.14) (3.47 2.21 5.89) (1.69 5.95 6.14) (9.13 0.61 7.79) (0.7 0.59 5.4) (0.18 9.32 0.35) (4.95 8.76 8.78) (1.19 6.89 9.86) (3.21 7.16 4.57) (0.75 7.13 3.71) (2.79 9.25 8.98) (1.76 1.02 2.33) (7.97 5.12 3.33) (5.4 5.13 0.77) (2.79 1.4 8.31) (5.39 8.18 2.34) (1.94 2.53 9.72) (8.71 9.58 8) (9.74 2.35 0.41) (6.47 9.27 0.82) (8.82 8.62 0.08) (7.9 0.33 4.58) (9.43 0.72 3.6) (9.97 0.27 9.19) (5.71 7.09 7.17) (9.96 1.44 9.79) (6.95 9.02 3.79) (0.53 0.09 6.07) (4.68 9.59 2.04) (3.98 0.44 4.12) (2.92 0.91 9.18)
double 94 (4.24 5.08 9.71) (8.47 5.38 4.54) (5.07 7.84 4.69) (8.29 9.77 5.64) (1.66 0.07 4.7) (0.62 5.35 7.33) (2.9 8.22 2.84) (0.64 9.84 6.08) (7.72 4.69 3.25) (9.92 3.72 7.66) (3.67 2.57 1.91) (4.25 4.14 3.35) (2.46 4.57 2.24) (5.5 9.19 5.17) (2.67 4.56 2.3) (5.47 4.11 3.64) (8.76 0.03 0.35) (8.56 8.21 6.03) (2.05 3.08 0.21) (7.86 8.24 0.6) (7.63 0.8 1.51) (8.5 6.13 1.96) (3.52 4.44 0.13) (5.83 9.89 6.65) (2.02 4.4 4.79) (2.69 6.98 1.79) (8.8 2.57 3.61) (7.72 6.94 0.48) (5.28 5.23 4.99) (3.9 8.85 1.33) (3.84 4.88 1.6) (5.53 6.23 3.25) (7.68 8.4 9.51) (1.99 6.5 3.93) (7.92 9.98 2.43) (4 4.63 9.15) (8.19 9.86 6.62) (7.41 6.41 3.87) (7.42 4.21 8.4) (6.69 0.02 1.97) (5.83 4.49 3.44) (7.03 2.53 1.87) (8.28 8.14 5.07) (1.85 8.4 0.25) (2.15 4.63 3.75) (1.79 0.68 0.3) (7.6 8.58 6.58) (6.11 1.22 3.14) (7.86 4.42 3.77) (9.75 9.16 2.14) (9.12 4.18 3.88) (9.32 4.62 9.31) (1.64 7.35 6.2) (2.83 9.42 1.19) (7.85 1.72 3.53) (0.52 2.42 9.28) (8.78 4.92 4.29) (4.16 2.97 6.42) (2.57 3.75 7.15) (0.64 9.6 1.74) (7.78 3.1 1.11) (7.38 9.79 4.84) (1.95 0.14 2.2) (7.74 4.84 4.21) (1.17 5.88 4.77) (8.45 4.82 9.81) (3.89 3.68 3.11) (3.46 1.48 4.78) (2.53 7.69 0.99) (9.87 3.52 7.79) (0.74 0.74 7.34) (5.69 9.94 9.94) (7.46 7.37 7.74) (0.09 0.79 5.95) (8.05 1.33 6.1) (5.94 0.63 2.25) (2.32 3.55 0.67) (7.5 3.35 8.68) (5.57 3.47 9.12) (7.28 8.97 2.14) (5.35 7.6 6.83) (4.42 0.66 9.35) (9.99 0.05 9.71) (1.84 6.12 5.92) (9.11 8.64 1.85) (3.63 2.4 0.65) (3.29 9.71 3.78) (9.39 8.33 1.11) (5.19 3.92 8) (1.02 6.77 8.23) (1.74 6.15 5.89) (1.81 8.69 9.67) (0.06 7.6 6.25) (0.25 2.16 6.64)
char 95 (m q n) (j g b) (s c r) (o e p) (n n f) (t j e) (n g d) (h t m) (d p p) (t r p) (f c m) (g g n) (s c s) (f e o) (g q t) (p f h) (c j m) (f t s) (n t f) (h r i) (f h r) (m s s) (k m h) (n i g) (r m s) (f h e) (k b q) (m o k) (l s j) (t o j) (f t b) (f t j) (c j b) (r b h) (o l d) (g p m) (s g t) (f j j) (p c r) (a j j) (q o s) (b r s) (e h e) (c i f) (h t p) (q t p) (p o t) (a t o) (d j d) (o e p) (r s t) (d g i) (q f m) (l i m) (i k o) (j k k) (c n r) (o a b) (h c a) (e t e) (m a c) (r e n) (r m f) (o i k) (j i t) (p i o) (n a p) (c p m) (p l s) (a b d) (n s b) (a n m) (s m p) (h k e) (n m j) (l s q) (h p s) (d n a) (k a m) (q k j) (g e m) (j m l) (e r d) (b o m) (q s n) (n g c) (f l p) (d c j) (i k k) (l f m) (r q s) (s a j) (l e o) (s a b) (f l h)
bool 96 (1 1 0) (1 1 0) (0 1 0) (0 1 1) (1 1 0) (1 0 0) (1 0 0) (0 0 1) (0 1 0) (0 1 0) (1 0 1) (1 0 0) (0 1 1) (0 1 1) (0 1 1) (1 1 0) (1 0 1) (1 1 1) (1 1 1) (1 1 1) (1 0 1) (0 0 0) (0 0 0) (0 0 0) (0 1 0) (0 1 1) (1 0 1) (1 1 1) (1 0 0) (0 1 1) (1 1 1) (0 1 0) (1 0 0) (0 1 1) (0 1 1) (1 0 1) (1 0 0) (1 0 1) (1 0 0) (0 0 0) (0 1 1) (0 0 1) (0 1 0) (1 0 0) (1 0 0) (0 1 1) (1 1 0) (0 0 1) (1 0 0) (1 0 1) (0 0 0) (0 0 0) (0 0 1) (1 0 1) (1 0 0) (0 0 0) (0 1 1) (1 1 0) (1 1 1) (1 0 0) (1 1 1) (1 0 1) (0 0 0) (1 1 0) (1 0 1) (1 0 0) (0 0 0) (1 0 0) (0 1 1) (1 1 0) (1 1 0) (0 1 0) (1 1 0) (1 1 0) (0 0 1) (1 0 0) (1 0 1) (0 1 1) (0 0 1) (1 0 1) (1 0 1) (1 1 0) (0 1 0) (0 0 1) (0 0 0) (1 1 0) (0 1 1) (1 1 1) (1 1 1) (1 0 1) (0 1 0) (1 0 1) (1 1 0) (0 0 1) (1 0 0) (0 1 1)
double 99 (1.15 2.43 0.37) (3.54 1.49 6.44) (4.21 1.53 6.49) (7.42 3.87 0.75) (1.79 1.66 9.27) (9.12 5.97 2.82) (6.83 4.32 5.77) (8.31 0.2 9.88) (9.81 0.64 4.02) (4.36 1.71 4.67) (5.68 9.83 5) (0.23 1.66 1.11) (6.95 6.4 4.48) (3.24 1.55 2.56) (2.35 5.8 3.17) (5.84 8.69 1.93) (8.5 7.44 8.58) (4.04 4.94 2.3) (4.8 3.17 4.08) (9.99 3.8 6.93) (2.87 0.14 0.66) (1.86 0.25 3.08) (6.18 3.41 6.17) (8.75 5.18 6.06) (6.1 1.35 5) (3.17 9.26 8.8) (8.03 9.87 8.06) (2.29 6.59 0.61) (9.3 1.16 6) (4.12 2.91 9.39) (6.83 9.29 3.21) (8.56 5.29 7.96) (2.53 2.69 1.18) (3.66 7.08 6.02) (5.69 4.54 4.48) (0.19 3.64 4.8) (4.86 5.25 4.14) (2.81 8.96 5.69) (4.87 5.18 3.44) (4.71 2.49 4.2) (5.75 0.26 4.83) (1.08 4.77 3.8) (3.3 4.08 8.19) (2.81 0.64 8.49) (8.34 2.33 1.92) (2.64 5.62 4.99) (8.56 6.98 2.73) (4.88 6.18 6.85) (5.38 5.53 8.31) (0.5 9.54 5.27) (2.25 5.47 9.74) (9.39 9.88 8.06) (4.52 6.2 3.39) (4.26 2.8 6.11) (5.34 0.43 0.23) (1.95 1.71 7.29) (0.8 2.65 5.2) (4.83 3.94 1.51) (3.01 9.4 8.21) (3.17 8.17 6.21) (7.71 7.43 0.72) (0.51 1.62 6.12) (2.96 0.16 9.92) (5.9 0.39 6.89) (6.81 5.72 9.85) (0.3 2.02 4.44) (5.59 4.03 1.46) (4.45 6.6 2.68) (4.76 9.54 6.36) (0.17 3.24 2.23) (2.34 5.31 3.52) (6.2 1.28 5.6) (3.61 0.34 8.66) (8.15 1.03 8.62) (4.57 9.77 3.96) (5.75 4.82 7.57) (5.57 4.58 0.75) (4.99 5.82 3.39) (1.35 9.85 6.71) (1.99 7.11 5.87) (4.6 2.29 5.53) (1.86 4.84 6.61) (3.63 4.85 4.66) (8.85 5.55 4.32) (7.83 7.06 9.91) (1.22 9.3 8.84) (5.72 5.18 8.9) (7.56 0.76 6.51) (4.5 8.97 6.82) (5.68 6.77 6.96) (9.95 3.22 6.54) (8.52 7.56 0.45) (0.71 3.81 8.05) (3.08 8.86 4.87) (6.74 3.97 7.19) (4.93 3.81 7.17) (7.81 6.58 4.13) (1.71 0.87 1.45) (2.45 8.86 2.99)
double 100 (6.5 8.26 4) (5.1 1.85 8.58) (9.01 9.73 7.34) (6.37 5.33 4.08) (8.42 8.66 0.51) (0.78 9.88 3.13) (4.19 6.8 6) (0.2 8.31 6.7) (4.61 3.82 2.57) (7.93 5.69 8.18) (0.53 3.11 7.79) (0.82 3.56 2.34) (8.27 6.89 1.54) (0.99 9.28 9.14) (8.36 8.02 3.09) (7.8 7.38 8.6) (9.04 0.07 5.33) (7.47 1.94 3.25) (3.08 9.88 5.02) (2.68 4.44 8.37) (5.63 0.45 8.23) (1.52 6.14 5.17) (9.23 6.59 9.79) (9.17 3.25 4.49) (1.1 5.91 7.33) (0.55 5.56 4.64) (8.39 8.58 8.04) (2.61 8.06 8.98) (8.14 7.63 1.55) (4.7 4.93 0.12) (1.83 6.76 9.72) (9.99 1.5 1.99) (9.47 6.08 0.24) (2.64 1.54 2.88) (1.27 1.33 4.96) (3.45 2.36 8.08) (3.7 4.26 9.74) (8.04 2.79 3.66) (2.79 8.43 2.3) (9.85 0.29 6.48) (1.74 0.03 2.59) (9.17 4.75 8.32) (8.48 1.3 9.44) (1.01 7.64 0.65) (3.45 4.58 4.59) (2.94 8.25 6.13) (0.24 1.82 3.9) (3.28 1.85 9.13) (8.86 6.18 0.4) (3.16 9.95 7.24) (0.59 1.98 6.52) (9.31 0.04 5.72) (3.34 7.02 2.67) (2.96 8.13 9.81) (1.32 1.77 5.71) (6.81 5.65 6.77) (1.98 4.78 5.68) (4.5 8.84 1.07) (8.65 0.64 8.12) (1.84 2.09 5.02) (9.11 7.76 9.99) (5.8 1.01 9.8) (4.31 6.74 7.53) (2.03 4.64 9.99) (1.12 6.07 2.54) (7.62 4.97 4.27) (3.2 6.91 0.63) (5.18 8.09 9.7) (6.04 1.48 5.32) (1.73 4.91 8.07) (7.27 1.12 7.2) (4.22 0.22 2.46) (0.66 2.91 6.7) (6.32 5.74 6.03) (2.93 4.8 0.95) (4.91 9.1 3.1) (6.76 7.1 5.03) (0.33 1.59 8.49) (9.05 4.05 1.38) (5.23 0.39 3.39) (3.87 0.13 2.6) (8.63 8.19 2.27) (3.69 6.07 8.19) (6.33 8.66 0.65) (4.29 9.79 8.55) (7.07 4.11 6.8) (8.35 1.26 7.76) (9.86 5.92 5.73) (6.91 3.42 3.7) (2.43 4.26 0.27) (6.34 3.01 3.41) (8.82 2.26 7.43) (2.72 3.37 2.84) (9.62 7.72 5.8) (8.4 3.5 1.44) (6.05 1.12 0.46) (7.19 7.69 7.79) (4.01 8.72 3.38) (7.15 3.56 1.18) (8.24 8.06 4.1)
int 104 (65 37 80) (7 83 86) (45 90 68) (4 27 36) (52 77 5) (12 32 48) (93 82 43) (63 70 68) (12 65 11) (69 28 95) (72 39 54) (45 68 91) (10 29 60) (27 1 50) (47 52 65) (36 2 11) (55 34 53) (10 69 43) (99 78 95) (80 94 21) (15 45 1) (37 51 80) (49 34 90) (10 87 10) (71 24 4) (74 23 76) (28 68 1) (94 49 99) (23 70 25) (34 88 21) (80 19 27) (9 82 67) (32 79 63) (63 51 94) (28 13 15) (84 58 24) (49 77 5) (42 7 28) (15 10 24) (77 42 50) (71 58 17) (33 31 44) (47 47 62) (79 30 90) (79 97 4) (5 30 64) (97 29 2) (63 68 20) (65 97 83) (29 91 56) (83 81 55) (85 20 80) (49 76 30) (80 54 90) (31 61 50) (37 25 7) (2 28 53) (65 94 92) (39 38 87) (50 52 19) (72 2 48) (49 30 68) (1 47 28) (68 39 90) (76 54 14) (89 79 88) (54 47 92) (83 52 9) (18 97 77) (78 88 8) (87 44 35) (84 88 37) (33 4 7) (47 10 16) (66 11 19) (69 22 78) (33 35 35) (45 61 50) (96 71 31) (98 20 60) (41 94 6) (62 85 48) (39 34 90) (17 94 64) (39 20 95) (50 62 99) (64 2 12) (2 79 23) (98 99 19) (20 61 63) (91 68 81) (97 73 89) (78 10 31) (22 41 92) (84 26 59) (21 64 72) (41 95 3) (59 78 87) (73 79 15) (5 14 27) (45 85 25) (54 40 35) (3 97 91) (11 20 52)
int 104 (69 16 39) (26 25 34) (13 78 46) (67 56 99) (79 20 25) (61 7 44) (16 37 58) (28 85 4) (68 16 10) (91 57 41) (79 42 99) (45 43 89) (40 97 69) (30 29 11) (19 71 63) (29 90 28) (48 32 96) (66 17 98) (13 2 75) (65 72 49) (84 75 47) (15 98 16) (80 54 94) (75 67 71) (9 55 31) (97 83 68) (54 78 95) (32 43 26) (6 1 86) (19 54 2) (66 12 96) (45 47 18) (43 33 33) (26 58 59) (2 5 54) (37 64 80) (2 45 65) (96 54 64) (26 70 16) (80 30 75) (20 52 48) (77 13 86) (85 43 8) (79 27 96) (2 87 51) (24 44 93) (12 10 20) (62 46 14) (74 13 9) (6 73 88) (60 93 11) (54 2 69) (8 40 10) (98 21 69) (73 47 45) (30 80 53) (16 23 49) (25 51 66) (93 12 84) (75 59 8) (38 64 92) (82 47 47) (43 24 80) (56 96 78) (50 90 93) (77 33 41) (37 37 31) (56 40 56) (33 21 6) (86 77 54) (98 19 54) (31 29 1) (95 93 28) (17 57 57) (62 44 80) (51 41 8) (78 71 33) (74 27 5) (99 26 78) (91 79 76) (30 98 97) (46 20 92) (55 98 17) (18 68 43) (51 14 62) (49 96 51) (82 95 30) (20 96 24) (5 49 15) (67 32 92) (73 84 50) (91 54 60) (14 74 29) (75 2 79) (25 2 31) (18 38 18) (35 96 55) (24 41 52) (88 19 4) (93 14 47) (32 85 86) (21 65 62) (76 76 39) (45 26 82)
int 105 (97 62 2) (95 44 93) (7 56 58) (47 41 6) (81 82 27) (13 82 5) (63 88 17) (10 49 7) (57 86 60) (77 89 44) (45 94 23) (27 66 37) (87 22 92) (71 70 24) (60 44 60) (55 47 41) (61 67 16) (95 36 54) (23 93 88) (55 70 46) (79 78 25) (57 22 18) (73 40 85) (45 32 10) (90 66 6) (56 51 13) (88 76 61) (81 40 69) (53 69 32) (76 26 87) (95 52 95) (11 72 86) (60 26 32) (66 10 21) (72 74 33) (43 66 98) (42 93 12) (53 84 96) (5 3 37) (57 4 29) (76 70 56) (62 37 44) (95 84 5) (60 39 5) (99 47 32) (40 64 18) (40 25 32) (43 79 58) (8 92 60) (35 95 92) (55 18 8) (76 59 15) (72 51 72) (90 99 15) (44 22 39) (27 36 76) (45 84 64) (17 31 77) (66 64 70) (70 23 12) (41 62 39) (28 91 58) (56 7 49) (48 45 29) (56 20 72) (47 27 11) (56 81 74) (24 22 45) (1 40 96) (20 71 63) (83 3 38) (55 15 93) (63 21 78) (4 96 12) (37 44 78) (62 40 33) (35 68 98) (28 77 9) (31 30 89) (34 51 69) (3 87 22) (27 32 92) (32 30 82) (3 57 47) (15 86 71) (77 31 8) (87 51 73) (85 48 43) (45 58 30) (91 69 69) (34 87 94) (21 75 26) (50 58 88) (14 36 97) (24 63 2) (6 68 7) (36 73 20) (36 66 28) (23 54 72) (71 1 80) (88 1 5) (72 37 6) (30 27 15) (57 84 64) (18 33 82)
bool 106 (0 1 0) (0 1 0) (0 1 0) (1 1 0) (0 1 1) (1 0 0) (0 0 0) (1 1 1) (0 0 0) (0 0 0) (0 0 1) (1 0 0) (1 1 1) (1 1 0) (0 0 1) (1 1 0) (0 0 0) (0 1 1) (1 1 1) (0 0 1) (0 1 0) (1 0 0) (0 1 1) (0 0 1) (0 1 1) (1 1 1) (0 0 1) (1 1 1) (1 1 1) (0 0 0) (1 1 0) (0 0 1) (1 1 0) (0 1 1) (0 0 1) (0 1 1) (1 0 0) (1 0 1) (1 1 0) (1 0 1) (1 0 0) (0 0 0) (1 1 1) (0 0 1) (0 0 1) (0 1 1) (1 0 1) (0 0 0) (1 0 1) (0 0 0) (0 0 1) (0 1 0) (1 0 1) (1 1 1) (0 0 1) (1 1 1) (0 0 0) (1 1 1) (0 0 1) (0 1 0) (0 0 0) (0 0 0) (0 0 0) (0 1 0) (1 0 0) (0 0 0) (1 0 1) (1 1 0) (1 0 0) (0 0 1) (0 0 0) (0 1 0) (1 0 1) (0 1 0) (1 1 0) (0 0 0) (1 0 0) (1 1 1) (0 1 1) (0 0 1) (0 1 1) (1 0 1) (1 0 0) (0 1 0) (0 1 0) (0 0 0) (1 1 1) (0 1 1) (1 1 0) (0 0 1) (1 1 1) (1 0 1) (1 1 1) (0 1 0) (0 1 1) (0 0 0) (1 0 0) (1 1 1) (1 1 1) (0 0 0) (0 1 0) (0 1 1) (0 1 1) (1 1 0) (1 1 1) (0 1 0)
int 106 (63 68 67) (58 69 88) (46 25 50) (40 28 63) (29 86 71) (3 21 23) (60 61 28) (68 13 32) (1 65 28) (8 75 91) (11 92 34) (74 64 18) (57 36 54) (95 51 50) (97 7 59) (42 21 52) (24 56 85) (92 71 52) (34 9 3) (83 79 28) (34 19 3) (18 13 44) (97 36 54) (85 97 70) (73 41 5) (34 97 62) (8 60 13) (83 64 41) (33 93 23) (28 83 82) (90 58 70) (32 38 67) (71 15 40) (8 85 18) (61 16 36) (94 98 58) (64 4 65) (80 37 87) (1 8 61) (10 48 73) (91 7 88) (1 41 40) (34 31 90) (47 73 28) (73 8 16) (76 80 96) (42 56 45) (21 15 72) (66 53 8) (70 61 74) (98 74 88) (1 92 39) (52 57 31) (52 47 16) (60 30 61) (10 3 9) (43 9 82) (70 67 93) (3 65 77) (21 55 34) (18 93 70) (48 99 88) (30 37 32) (67 53 12) (72 55 88) (59 3 73) (37 5 79) (5 26 74) (14 50 28) (34 98 20) (35 60 27) (20 1 61) (35 92 94) (89 41 30) (1 15 20) (63 8 70) (6 34 82) (76 43 8) (52 42 27) (81 21 1) (91 54 13) (63 82 66) (31 37 13) (33 86 37) (3 59 85) (8 72 88) (62 57 57) (78 38 8) (46 99 87) (91 55 4) (85 20 29) (14 42 58) (65 96 84) (70 51 12) (29 31 64) (60 60 34) (44 35 27) (13 73 43) (29 12 23) (33 58 55) (67 32 9) (56 17 96) (61 13 19) (24 97 66) (9 47 55) (25 60 19)
char 106 (r h g) (p f r) (n i p) (j q n) (t o e) (c p j) (k n s) (j l d) (c r a) (n l d) (r k l) (c h k) (r g f) (n l p) (s b f) (o b f) (c o e) (n o b) (g q r) (o q h) (q p s) (g r f) (n r j) (d k n) (h m f) (d d e) (p f t) (e n d) (e i t) (n t t) (q t d) (n h s) (l l g) (o r l) (a g h) (j p k) (t k o) (s n f) (l s b) (l h c) (n b n) (j p k) (b e o) (i m b) (e h l) (s q n) (a k l) (q k d) (j j c) (r l o) (t o i) (l b n) (j m b) (h d q) (p t f) (e e b) (n e m) (b e s) (l b n) (j b m) (q p j) (n d k) (t r n) (t p t) (m p l) (h d s) (d s o) (c g q) (k o f) (a d p) (t g r) (e s f) (j h f) (m f e) (k t n) (k i p) (f a j) (g q m) (i f p) (c i m) (m p c) (r n l) (o c q) (s q g) (i a n) (i a b) (g c o) (k s m) (j h g) (a h s) (b f p) (e h a) (a t n) (c e f) (p l n) (r f c) (p a s) (g t s) (o j n) (n i j) (r j a) (o d m) (t t e) (k j j) (h i q) (f o q)
int 108 (47 70 13) (6 97 46) (44 9 38) (16 7 52) (16 7 66) (71 80 33) (49 21 45) (25 76 11) (30 3 50) (83 61 76) (15 99 72) (63 82 14) (38 66 35) (7 46 54) (91 66 63) (91 46 22) (50 27 16) (59 10 92) (1 1 3) (38 56 61) (5 90 30) (90 40 39) (90 9 94) (39 32 54) (94 27 73) (79 38 12) (10 35 57) (24 39 20) (4 25 68) (40 57 4) (80 33 88) (68 32 60) (16 5 39) (92 9 11) (56 85 32) (61 52 8) (7 38 81) (24 36 19) (77 50 7) (74 1 8) (2 25 6) (18 25 44) (97 69 98) (39 3 67) (95 50 90) (15 18 20) (51 26 47) (48 90 91) (16 95 25) (62 57 34) (99 73 63) (14 35 19) (86 9 8) (70 45 67) (11 45 96) (86 27 96) (46 43 17) (51 4 73) (50 55 17) (91 60 23) (76 54 77) (46 43 19) (60 97 24) (66 79 32) (83 91 74) (77 44 81) (71 24 79) (55 30 38) (35 47 16) (76 92 38) (55 90 66) (58 15 36) (52 77 84) (6 65 41) (29 4 62) (19 76 98) (34 14 9) (25 22 53) (49 58 28) (30 95 22) (62 72 62) (88 74 30) (55 80 35) (15 2 98) (76 21 23) (90 86 16) (82 12 72) (84 81 27) (26 93 88) (51 60 94) (14 29 99) (66 51 48) (4 17 65) (11 12 97) (23 25 46) (51 39 44) (22 10 4) (5 74 54) (49 28 64) (50 50 67) (21 92 49) (80 66 67) (83 49 53) (72 3 83) (9 65 24) (35 73 49) (32 82 73) (70 99 52)
int 108 (86 38 48) (13 87 45) (10 24 63) (73 1 14) (96 33 62) (92 44 13) (89 41 21) (34 51 16) (22 90 52) (88 73 52) (7 37 30) (95 65 43) (76 45 50) (85 58 87) (16 44 81) (62 10 77) (77 43 87) (55 52 6) (15 60 51) (65 57 39) (63 22 95) (16 36 15) (69 19 13) (38 19 99) (89 33 45) (3 42 77) (28 47 33) (82 39 74) (26 26 89) (13 33 94) (29 23 1) (14 87 52) (34 64 20) (9 52 22) (37 9 21) (11 43 52) (96 36 4) (82 46 33) (6 34 9) (3 43 25) (21 38 21) (31 98 21) (73 27 7) (28 64 46) (38 17 31) (92 72 75) (81 80 43) (44 13 26) (53 74 8) (83 86 78) (70 75 63) (46 63 94) (88 71 76) (54 55 28) (88 1 60) (35 41 76) (2 30 29) (32 28 40) (12 22 29) (53 33 19) (71 7 57) (2 78 11) (88 53 76) (81 8 58) (56 44 1) (93 65 48) (34 14 24) (68 30 91) (95 10 35) (53 41 98) (88 85 62) (62 53 29) (10 71 14) (85 83 68) (21 49 7) (33 70 46) (14 44 25) (48 44 67) (21 68 55) (84 88 91) (90 89 43) (59 86 20) (5 46 16) (26 29 71) (93 6 77) (94 29 88) (63 99 6) (1 80 86) (88 73 96) (92 4 5) (14 6 19) (53 99 51) (15 33 70) (32 52 45) (63 55 81) (58 16 73) (54 21 40) (55 64 37) (73 22 40) (81 50 29) (69 81 98) (54 53 47) (88 37 90) (99 3 95) (62 90 39) (8 34 80) (45 52 48) (35 95 56)
char 109 (k b c) (a h c) (o c l) (c n i) (d q e) (i f b) (o f t) (i d s) (n i p) (o d b) (t a c) (o h i) (e i q) (c o j) (j b m) (h i q) (m k o) (t p t) (d k c) (e o o) (p g n) (a g p) (e c d) (k f e) (s t e) (k t m) (l m q) (f r k) (t i d) (o i o) (b m j) (m i p) (i b h) (s l h) (k s p) (i k i) (i t o) (q o h) (k k d) (o m d) (p m j) (o c t) (f h n) (o p b) (g q q) (t a i) (s n o) (c f p) (f q b) (h h r) (h n h) (k d m) (s r p) (j b a) (h q m) (m f l) (b d f) (k p h) (b r m) (q h q) (r p l) (h p g) (b n d) (p l b) (p h o) (c h k) (p s c) (m h c) (d s h) (j l c) (q h i) (l d m) (c t i) (k r r) (h t i) (f t p) (g b s) (r t p) (d n s) (l e o) (l b d) (h b r) (t a s) (q o t) (q e m) (d f h) (k b f) (d i a) (e d n) (f k g) (b l a) (i i d) (l t m) (n c n) (i k g) (p b l) (t k l) (j r b) (f i d) (k c f) (n c i) (c d m) (p d r) (o f o) (k h a) (a p c) (g d l) (s q o) (i s q)