14 1 13 22 14 26 26 17 10 8 15 5 15 8 27 9
18 2 17 12 22 26 5 21 32 29 32 3 4 29 4 30 24 27 13 7
22 19 14 37 31 37 34 6 25 10 24 1 38 31 0 14 20 40 31 39 12 9 27 40
26 24 49 37 40 42 49 17 20 3 50 6 35 45 24 25 11 4 8 51 38 4 0 34 39 23 18 11
26 19 33 7 2 50 21 38 37 10 25 26 26 35 15 31 41 50 11 9 19 50 35 35 15 50 13 19
34 32 11 23 37 4 9 58 21 15 67 47 28 50 64 59 11 7 32 56 2 18 34 50 37 57 43 23 31 11 11 5 58 30 7 7
34 17 8 8 23 32 63 29 24 46 16 19 13 33 26 19 34 13 34 4 26 46 41 61 23 12 11 58 49 43 41 56 17 60 23 3
34 18 3 52 4 67 3 25 22 12 7 24 1 28 49 34 57 35 24 54 14 48 23 35 18 35 2 67 64 9 24 38 37 3 33 14
42 7 39 54 53 38 49 17 53 6 49 83 81 14 0 12 0 57 5 71 41 51 82 72 81 72 46 7 36 11 71 15 74 33 55 54 79 80 77 49 60 42 45 60
46 14 37 46 16 43 23 77 91 4 64 73 76 65 83 64 11 39 59 11 33 15 80 54 74 2 6 58 77 48 78 83 81 41 73 69 84 14 88 88 89 62 50 62 35 58 21 24
50 35 96 9 96 44 35 65 58 3 3 4 46 55 50 75 27 63 52 11 84 87 16 77 51 90 83 20 99 90 42 11 36 62 60 69 14 78 66 57 99 50 19 98 43 68 76 1 46 88 20 81
54 36 35 28 57 10 98 60 90 29 22 22 18 100 66 61 29 43 96 84 72 1 66 24 22 104 95 37 14 51 101 46 68 55 8 87 37 30 56 17 102 54 48 40 56 67 99 99 57 97 51 28 72 18 53 72
66 8 129 19 130 52 43 52 120 110 73 51 71 90 17 0 8 122 72 82 96 65 65 128 13 71 7 64 94 70 10 18 9 122 90 72 48 67 65 67 61 84 35 112 22 83 35 47 7 106 5 5 62 57 108 47 32 9 31 12 78 22 91 51 32 19 0 84
70 29 16 53 115 44 17 43 73 43 135 3 101 95 58 22 134 41 121 33 42 14 103 71 77 99 86 136 42 35 69 63 83 63 0 117 84 40 15 118 66 55 20 100 10 135 77 61 128 125 115 57 32 48 9 132 53 71 66 78 54 10 52 125 108 59 75 123 9 83 5 102
70 64 128 132 28 3 84 88 27 98 43 20 83 138 136 74 13 56 34 2 35 1 51 5 120 31 120 27 32 133 93 109 62 121 12 54 65 118 37 68 94 80 31 18 70 129 24 83 110 20 43 47 108 79 138 97 97 57 9 35 23 14 114 24 24 10 45 54 76 29 91 30
78 66 18 147 144 67 99 121 91 101 45 142 140 84 138 22 31 125 16 135 10 92 71 67 81 155 65 87 86 13 41 118 79 150 1 129 131 73 122 71 62 88 125 150 27 124 72 54 8 89 49 102 137 61 79 80 60 141 83 115 133 138 1 64 128 134 27 17 115 106 143 99 39 98 124 94 31 125 33 22
82 6 156 145 131 110 106 29 156 109 146 137 99 1 113 38 161 57 51 61 136 133 102 163 86 67 157 87 110 153 92 101 96 77 46 162 98 0 99 104 70 107 116 100 44 155 125 128 153 81 121 142 60 99 118 94 149 34 143 128 124 155 131 126 112 47 0 67 89 140 17 39 35 48 53 38 4 5 64 89 32 42 158 88
82 21 122 3 111 29 70 68 159 39 29 90 18 55 100 133 127 132 41 143 56 67 12 28 113 114 74 35 3 39 127 13 114 83 143 3 60 160 59 38 108 155 27 18 18 131 32 85 125 60 102 137 140 90 7 140 113 150 38 106 73 59 9 37 24 12 72 70 17 96 134 37 44 111 119 19 43 99 13 103 106 113 5 118
82 33 122 43 34 92 163 145 42 93 158 159 115 61 159 70 153 22 150 129 157 125 43 134 137 60 94 156 101 13 76 62 126 10 143 80 94 22 25 80 138 23 88 156 133 129 137 30 129 9 70 34 16 53 7 147 57 119 91 134 77 122 120 14 24 120 39 157 84 106 73 1 145 162 27 158 53 34 8 107 137 51 23 114
86 59 50 84 99 8 85 22 122 60 48 34 100 1 117 161 128 88 38 13 56 118 117 16 151 44 142 170 57 102 59 60 49 100 73 113 17 39 50 133 118 68 121 154 0 117 142 68 66 138 135 90 47 72 106 90 17 124 60 170 51 100 6 93 84 158 149 90 153 60 98 81 153 109 61 120 137 151 78 33 42 8 76 131 11 1 99 102
94 80 106 77 38 16 70 91 51 103 111 124 52 178 58 165 48 77 121 95 98 78 31 126 164 107 152 118 30 20 41 133 120 177 8 111 108 23 146 182 16 145 58 7 178 64 181 59 158 38 32 142 56 72 163 35 110 151 154 95 144 186 75 10 50 67 20 126 22 75 46 91 13 38 24 162 38 144 39 134 26 160 60 52 45 74 175 74 8 101 76 96 3 122 34 0
94 65 169 103 104 151 174 93 88 69 164 94 125 126 99 73 109 57 5 149 25 90 79 143 152 43 47 165 52 3 53 88 134 101 178 183 99 161 69 129 151 113 87 154 112 26 46 68 41 162 66 158 5 150 85 161 38 131 7 6 130 69 138 21 179 95 30 80 96 24 100 22 2 1 62 120 22 113 183 166 84 66 157 10 177 14 97 141 48 99 128 111 49 48 13 128
106 44 168 166 169 37 39 164 21 158 2 99 140 15 22 35 79 113 49 181 71 145 135 130 37 125 100 93 158 98 94 51 1 60 162 31 174 56 172 139 146 145 161 79 143 0 162 166 50 89 4 25 11 174 37 206 87 58 130 190 196 199 185 12 196 98 104 69 34 12 34 85 169 72 74 176 210 48 174 112 18 15 149 154 81 181 53 89 162 43 55 160 65 76 10 51 87 0 75 77 125 158 69 152 172 194 58 40
106 80 120 63 20 100 37 114 12 11 10 116 95 210 207 72 54 94 12 140 66 57 59 23 116 25 24 206 107 91 84 79 127 138 149 64 43 12 200 210 53 103 29 188 18 53 91 37 117 199 92 203 29 7 64 77 92 211 118 38 153 101 119 39 204 14 182 105 22 105 105 203 95 29 193 147 77 58 56 192 141 26 46 201 112 139 68 198 12 131 80 30 20 63 189 117 68 43 184 55 27 176 41 206 4 171 74 62
110 26 177 108 181 154 133 6 22 199 119 16 133 192 124 38 157 39 34 8 155 189 95 62 1 124 152 50 178 152 12 94 139 17 61 109 122 82 181 74 101 0 110 38 10 81 133 114 208 118 71 12 43 135 216 68 72 19 63 6 134 140 5 80 118 153 71 15 205 62 61 42 84 66 125 152 192 208 111 154 39 65 21 8 190 120 82 145 211 130 14 197 196 167 35 15 1 62 115 145 11 204 20 37 182 66 162 0 188 205 151 202
110 5 184 193 214 156 130 52 77 25 207 150 216 203 43 47 161 44 89 55 203 163 79 104 56 169 90 21 106 175 22 83 143 187 31 142 140 26 216 3 39 155 219 219 152 130 145 189 15 45 143 121 113 207 43 26 203 129 118 78 40 42 54 169 71 74 143 213 14 47 69 45 19 139 214 8 182 132 11 82 85 181 172 82 62 31 184 44 184 3 61 174 119 144 36 167 11 157 31 75 91 151 141 18 208 193 106 83 60 129 210 166
110 41 41 168 55 52 133 119 164 43 10 18 88 101 148 113 145 119 24 105 111 87 35 214 96 17 218 3 125 137 19 70 30 26 217 179 193 64 190 167 26 53 130 87 97 150 63 123 62 110 47 131 79 185 168 206 161 14 193 110 20 103 8 182 117 18 215 210 69 130 2 60 107 178 210 168 158 165 193 166 170 68 144 5 75 11 41 2 65 155 179 197 198 71 7 114 31 218 136 38 22 176 179 207 208 53 39 62 45 209 110 94
114 97 14 221 164 165 30 209 81 81 104 21 125 182 24 17 124 190 86 60 125 64 209 164 181 153 65 11 133 165 99 145 118 109 186 50 81 189 123 218 209 191 178 85 87 209 177 112 197 158 61 181 70 16 66 227 68 41 173 40 84 211 199 193 135 90 202 171 195 170 67 138 108 89 173 47 153 191 29 115 60 40 178 122 152 177 70 10 145 169 99 62 174 16 137 3 14 95 203 135 154 4 126 131 150 16 170 45 109 25 181 107 88 8 131 120
118 41 202 104 232 161 189 190 228 13 178 51 230 220 18 105 89 159 196 158 156 74 91 221 165 165 196 168 85 77 147 29 177 65 21 192 58 235 200 181 1 182 108 118 183 102 90 206 231 197 16 229 92 30 167 134 169 129 26 53 108 105 218 132 7 164 72 190 207 102 221 60 112 124 198 165 88 89 121 46 73 76 129 146 169 24 91 36 46 64 170 125 164 78 225 60 60 229 91 49 204 129 138 66 20 219 114 128 184 194 214 82 17 121 39 98 222 111 101 9
122 109 223 196 8 188 146 222 14 44 192 99 35 115 77 163 182 89 120 19 15 103 158 117 151 20 0 7 143 188 72 92 201 236 223 185 9 105 67 91 194 210 55 136 198 92 239 173 45 165 44 196 206 225 142 116 159 98 217 108 223 241 240 240 222 233 26 23 184 176 210 159 193 239 71 145 9 79 41 234 142 166 116 93 133 192 51 57 74 185 176 233 136 21 22 207 142 118 215 142 166 98 105 114 45 48 46 229 174 38 94 242 9 142 185 234 108 44 230 28 227 170 234 154
126 80 27 174 106 146 204 197 241 179 96 153 249 17 250 124 159 197 206 11 79 167 75 79 41 40 25 77 244 67 63 70 17 35 241 50 222 62 175 163 60 27 210 130 141 46 179 177 166 24 243 53 72 250 198 234 223 117 228 170 44 221 87 220 147 222 169 56 228 137 102 199 198 196 28 99 224 87 39 55 143 206 51 233 147 118 169 190 61 6 226 130 101 129 114 199 163 49 13 111 107 75 40 209 39 95 28 196 56 17 41 42 30 184 157 212 58 181 215 5 34 142 118 218 64 133 100 73
126 75 182 62 213 33 208 42 160 27 43 77 61 122 129 141 196 26 203 127 46 72 208 146 186 159 148 97 50 56 73 76 79 206 75 116 112 224 156 130 166 118 234 161 232 238 135 192 233 77 152 66 64 240 44 63 113 195 146 55 97 47 118 10 95 207 110 152 169 88 237 71 34 181 109 123 245 89 236 114 188 165 73 98 44 45 227 161 95 111 86 87 167 208 225 85 141 186 229 250 52 158 67 84 180 141 138 165 161 148 49 230 114 111 81 187 31 153 91 18 118 0 16 66 40 192 58 215
134 74 62 73 125 4 139 165 196 104 90 88 177 225 135 20 117 103 96 234 261 211 43 243 172 104 110 255 38 60 28 64 193 181 88 110 60 261 62 233 159 58 74 198 127 123 52 259 18 36 186 242 109 255 134 90 207 34 134 160 207 224 87 132 230 184 16 241 62 213 62 31 169 241 59 146 126 35 177 114 67 152 194 84 11 49 16 200 215 263 256 4 57 131 193 122 211 193 262 127 252 132 231 45 231 89 178 11 192 14 209 176 20 39 213 74 185 232 99 207 188 243 104 37 251 80 42 119 261 5 27 166 9 207 52 23
142 140 174 157 140 105 164 280 4 86 15 172 241 30 183 212 143 209 225 75 181 254 56 92 169 257 177 228 188 73 100 130 11 62 50 57 22 159 9 195 78 138 72 282 184 244 102 179 90 149 23 7 141 225 230 242 34 196 278 137 192 275 198 12 25 18 236 42 113 122 105 27 123 203 74 31 137 52 71 275 126 132 200 102 120 46 61 257 16 196 161 21 74 193 64 62 141 135 11 151 76 76 65 141 207 283 62 139 72 157 196 32 194 78 224 8 261 165 130 71 78 143 110 167 252 280 154 145 255 25 142 255 259 16 110 64 218 268 257 260 39 141 206 103
142 61 54 264 104 104 157 172 138 124 262 59 7 105 65 206 261 49 258 192 52 265 40 1 49 85 277 74 188 229 137 15 223 218 68 68 205 54 168 67 86 116 154 119 26 155 237 261 278 72 17 225 41 211 58 140 118 277 175 169 252 222 163 219 223 275 222 46 245 251 164 135 139 189 228 262 35 65 71 29 15 180 203 14 100 253 270 113 36 127 70 82 165 197 211 248 203 210 51 50 29 61 163 23 271 134 155 247 171 154 24 99 261 14 129 120 140 205 166 30 157 118 112 7 247 8 254 120 186 206 79 85 273 166 110 32 273 7 68 57 176 127 25 141
158 86 295 246 102 146 60 61 31 244 203 174 114 178 183 187 184 173 309 6 302 311 234 78 133 95 259 112 149 63 66 147 54 172 265 52 127 72 11 95 187 184 126 27 120 299 259 184 106 95 47 94 135 223 57 78 231 13 204 65 104 118 109 169 181 72 208 86 73 48 0 282 94 93 27 234 62 64 9 160 99 61 175 183 56 309 104 88 225 120 199 103 109 94 20 95 82 287 276 266 276 302 247 190 162 305 93 66 280 281 150 144 230 274 213 311 266 300 87 247 36 190 65 220 92 165 90 293 256 34 199 120 160 171 195 167 253 226 305 189 207 120 276 72 46 124 137 94 212 304 284 134 196 261 36 39 201 25 308 166
158 74 184 277 285 5 77 286 135 6 235 161 76 135 227 233 218 292 270 66 175 115 60 284 138 41 138 149 13 220 110 14 269 31 163 97 56 234 170 8 195 59 83 235 130 94 152 204 141 310 122 3 251 225 59 282 97 9 164 91 219 274 164 120 313 72 172 203 188 244 112 143 66 176 143 280 270 216 34 157 261 151 305 15 41 305 186 259 78 137 183 93 215 31 11 39 128 198 253 49 19 33 173 309 298 165 175 95 170 195 251 267 219 150 205 96 171 199 134 63 27 182 164 102 14 23 197 288 241 135 26 225 158 38 46 20 214 188 241 247 169 148 297 261 104 307 10 208 256 133 220 216 211 129 178 131 152 263 106 203
158 5 23 91 309 48 130 47 54 52 74 240 29 288 246 292 51 247 168 124 191 291 308 277 297 161 288 307 5 227 313 274 183 141 115 126 141 10 238 66 173 13 240 173 231 204 172 184 54 255 269 49 121 218 204 68 187 164 250 135 273 184 289 75 87 48 194 233 208 280 197 243 168 76 184 231 255 289 191 232 161 85 312 189 302 172 249 46 203 273 70 130 88 208 146 135 246 69 73 17 250 186 267 169 276 246 176 17 238 210 21 0 124 232 209 1 36 239 114 247 272 304 191 70 118 212 151 239 142 162 22 312 213 64 79 12 176 102 294 235 106 10 38 225 98 158 235 289 176 33 238 159 4 18 207 58 285 12 135 193
166 53 311 61 225 107 303 179 295 301 261 230 63 175 48 2 94 115 248 99 47 192 123 45 100 107 135 327 138 109 244 284 259 122 1 270 186 251 218 316 319 60 208 74 112 239 98 310 212 150 279 126 177 240 132 76 323 36 12 35 243 180 71 41 249 201 161 209 173 325 165 50 78 100 173 71 250 138 17 138 93 237 111 23 228 85 150 170 161 148 183 160 214 204 320 31 24 137 80 229 312 26 265 77 202 136 97 198 0 47 235 190 239 98 297 106 167 195 241 100 44 195 325 233 185 244 288 134 298 310 97 186 289 18 275 312 155 214 47 151 177 180 37 14 107 290 132 287 81 112 135 33 316 331 314 183 172 177 284 127 204 7 136 120 1 68 127 54
166 81 164 181 109 202 115 216 150 249 31 120 203 201 36 202 148 300 331 37 75 138 79 153 28 263 210 88 194 73 185 254 78 106 313 163 83 206 123 270 77 38 294 0 167 209 164 154 82 192 328 119 122 258 306 262 313 312 2 183 216 48 98 235 200 32 256 230 10 301 96 240 46 246 61 10 299 52 150 140 185 45 170 83 278 298 249 180 248 19 198 172 231 191 146 309 65 226 184 110 227 45 329 37 152 225 0 255 166 58 222 74 327 61 135 11 38 84 69 46 49 225 282 105 231 172 222 216 89 118 124 125 30 166 16 111 263 180 189 74 171 285 18 162 269 149 288 50 312 135 6 130 299 310 218 280 22 161 227 278 255 293 3 79 260 252 47 244
166 19 9 310 88 200 251 270 33 214 209 62 161 132 326 239 247 320 326 74 217 240 48 277 157 252 22 287 16 314 58 109 202 214 267 29 80 43 292 158 14 137 239 97 35 258 55 157 262 321 269 260 195 170 2 150 118 123 328 286 211 45 296 233 119 153 277 0 280 219 105 66 302 232 279 179 272 121 139 223 304 329 225 125 162 81 94 100 245 223 225 96 114 164 19 275 8 108 266 135 292 76 295 289 164 301 143 289 150 12 280 22 31 186 190 130 157 27 21 168 80 202 330 69 195 145 136 177 274 213 318 304 217 201 73 10 171 125 202 174 146 55 46 195 245 158 204 44 247 132 304 187 24 285 44 19 135 67 228 324 312 201 166 122 117 193 318 100
170 45 339 282 124 302 174 178 322 72 39 96 292 314 257 51 132 166 115 275 47 217 273 175 33 34 193 279 102 281 3 268 322 217 187 113 23 215 181 254 255 122 291 321 185 85 88 153 150 310 147 332 4 129 230 210 109 19 181 167 226 258 262 176 114 16 154 109 199 102 307 146 169 40 293 242 332 100 52 102 266 173 291 27 252 103 249 181 82 246 204 276 16 329 213 132 137 141 198 40 176 112 127 27 66 63 93 136 132 192 94 30 116 238 109 80 84 58 164 141 243 337 294 6 324 192 11 118 156 43 91 9 108 25 73 321 101 62 48 244 226 91 222 316 52 252 250 331 286 155 100 268 205 296 44 29 14 146 136 189 232 311 8 246 85 57 236 201 38 127 139 298
170 38 68 306 270 218 201 314 186 330 198 93 245 67 37 309 37 153 309 71 332 271 210 314 165 92 15 63 286 121 34 174 287 4 205 223 293 3 248 327 184 86 313 233 162 199 331 60 231 181 128 248 121 301 36 123 6 145 165 232 240 308 75 338 203 328 304 150 189 56 309 164 139 81 177 95 89 141 114 312 294 170 26 211 134 275 187 13 339 214 296 81 88 35 211 144 30 217 307 147 32 219 183 288 322 220 74 109 312 101 268 177 92 85 238 296 151 178 49 35 179 129 120 126 336 51 37 5 132 193 227 34 310 81 307 269 263 329 96 248 84 257 144 142 82 99 105 233 129 19 43 312 269 146 255 43 192 58 59 237 15 285 261 215 35 52 211 331 205 170 155 26
178 124 279 215 121 288 162 200 11 325 218 202 37 248 17 128 188 267 116 349 195 153 188 272 2 201 157 62 29 265 223 147 10 22 218 59 163 209 202 155 315 53 180 255 129 48 123 247 224 9 354 223 84 93 247 204 108 161 95 96 222 200 267 182 25 259 186 157 321 331 271 271 46 291 5 329 329 252 58 279 140 216 136 253 224 314 77 13 107 351 282 77 169 331 120 70 232 96 141 169 214 159 342 331 245 344 169 85 212 91 250 344 215 134 14 323 134 64 209 273 304 7 68 234 330 124 158 119 160 265 90 124 204 74 91 305 67 249 77 143 79 106 250 187 220 104 148 261 272 68 274 88 39 316 0 179 271 69 224 151 339 305 167 347 182 250 107 94 203 327 41 76 178 132 191 333 203 37 243 329
186 90 363 53 352 175 237 173 11 188 347 238 262 175 202 96 92 341 144 237 202 172 243 6 310 71 326 99 22 273 175 138 255 117 336 179 348 195 197 235 355 52 50 362 23 214 226 321 49 326 343 14 332 278 286 76 211 336 265 17 230 194 264 206 162 166 161 170 353 262 266 331 361 189 306 31 55 13 194 4 65 271 181 74 145 94 137 167 349 99 304 237 11 66 75 282 365 224 97 56 38 8 334 118 311 54 289 141 4 102 200 245 307 120 339 105 367 176 353 220 228 194 8 100 153 140 319 296 315 279 107 138 310 96 169 110 348 218 234 198 288 65 116 325 357 355 139 106 194 295 129 208 219 271 216 89 64 195 49 44 208 23 36 223 237 334 263 175 201 240 326 50 54 289 124 53 117 51 138 365 55 4 195 349 121 280 369 125
190 65 36 345 158 16 316 248 341 113 155 111 325 107 127 62 78 374 49 228 67 63 219 308 252 205 235 110 371 232 24 2 358 179 139 219 87 17 212 172 358 299 211 10 238 15 87 257 282 242 139 317 120 369 110 93 79 328 197 33 241 164 287 103 131 231 350 55 85 173 93 289 6 261 101 246 358 58 13 58 262 4 237 202 364 281 11 221 71 135 168 150 121 259 92 59 8 158 223 128 354 259 201 226 307 346 55 209 253 193 67 11 58 227 94 326 183 367 83 132 329 80 61 6 307 320 98 143 300 327 166 164 230 62 339 225 320 134 205 84 76 122 365 242 221 228 26 231 46 370 61 282 118 269 293 203 339 107 274 306 182 90 158 304 1 326 167 289 346 125 179 238 344 164 358 132 98 239 109 237 305 202 284 205 201 3 200 366 216 158 300 118
190 90 209 117 185 365 227 352 133 62 8 372 20 91 279 152 213 117 146 301 26 61 37 95 248 24 280 130 281 210 17 277 13 253 53 239 146 279 69 193 180 105 265 369 216 146 23 222 375 6 167 2 205 170 69 244 46 214 42 188 46 289 295 4 262 342 209 258 356 189 144 243 111 282 69 60 312 126 331 179 281 287 246 22 354 94 298 225 146 131 244 124 260 118 289 345 228 198 112 2 200 291 249 184 57 277 302 298 122 344 115 311 161 92 172 331 21 362 47 94 219 209 155 19 276 19 124 369 326 50 123 58 130 225 200 128 367 2 379 253 205 73 348 168 363 253 280 297 111 139 225 156 135 272 302 348 112 158 102 155 211 224 173 159 240 277 80 251 326 161 374 92 352 265 43 332 0 295 222 49 330 41 178 305 234 248 171 279 56 95 19 108
190 31 246 339 166 239 204 44 0 37 367 250 129 150 317 89 293 333 124 267 331 291 120 119 75 22 322 298 220 96 118 101 53 62 339 1 68 159 222 161 273 182 239 209 63 62 221 247 37 97 341 49 46 96 26 166 165 190 342 254 139 200 205 289 338 356 273 80 68 159 235 2 175 377 275 317 96 248 169 361 229 270 14 344 365 326 299 303 277 26 63 208 149 293 261 236 108 233 55 162 86 138 285 5 188 191 195 88 144 154 143 346 364 130 119 44 291 24 226 306 160 111 14 21 296 124 65 158 26 101 246 345 222 200 293 195 338 43 40 143 192 265 15 119 1 151 329 239 226 327 172 67 221 3 329 209 249 289 248 35 363 141 270 363 204 329 85 347 210 308 360 88 77 52 142 39 254 189 186 276 44 173 195 250 93 113 265 103 314 196 366 18
214 126 427 122 73 163 132 166 142 158 156 254 260 237 152 38 224 411 320 207 366 169 101 418 257 75 4 425 145 87 28 288 7 89 148 230 347 34 154 155 84 341 120 208 38 184 106 27 188 135 361 190 117 165 108 37 389 174 29 336 337 202 378 54 188 98 194 265 200 254 159 388 213 301 257 251 140 291 22 177 81 233 2 332 324 425 374 109 256 242 176 57 411 159 341 29 93 273 40 93 140 105 327 230 26 40 385 93 137 174 247 128 321 44 425 389 108 333 330 373 305 287 306 283 208 367 65 67 15 96 320 364 132 262 193 311 116 48 214 310 263 191 168 42 151 83 180 140 21 227 54 290 311 208 367 237 112 281 301 225 353 29 167 401 159 222 221 209 127 424 294 32 329 364 413 305 244 81 348 386 207 108 315 153 93 9 262 311 422 277 248 44 174 132 46 302 199 85 226 14 64 348 56 329 358 40 424 35 363 254 125 242 295 198 62 332
218 71 71 20 219 337 329 278 144 36 229 35 198 65 432 248 109 263 290 170 409 347 301 432 162 204 241 288 38 44 48 124 205 225 132 215 371 359 210 104 233 33 57 374 54 258 43 229 312 67 280 310 11 164 277 381 40 3 118 107 215 209 219 50 416 18 377 262 219 368 404 351 44 180 74 44 375 357 250 384 131 21 289 107 58 315 83 429 385 25 376 236 32 35 274 355 7 75 338 272 177 19 16 413 54 118 251 28 303 396 24 200 425 189 267 164 35 202 221 85 138 222 228 350 334 314 435 426 295 95 242 415 275 434 2 7 87 365 399 77 320 42 179 39 196 225 358 419 35 159 51 180 59 405 153 18 99 313 214 230 172 38 345 36 135 414 113 219 279 318 169 63 410 313 217 252 424 274 42 13 72 206 334 123 113 390 302 63 280 99 28 394 346 108 168 51 74 150 4 43 119 73 74 141 209 329 65 248 409 215 42 235 169 388 34 352 130 249 257 275
222 88 133 2 44 57 189 430 305 304 109 384 322 176 77 125 93 120 198 232 211 424 182 308 405 269 379 418 176 385 85 58 438 344 124 203 74 328 330 122 136 148 342 301 36 23 30 124 430 14 283 292 236 189 279 200 438 76 364 233 398 175 186 116 132 440 298 175 311 172 442 365 210 301 343 26 18 317 250 408 155 378 225 332 329 136 172 409 350 79 49 414 241 352 264 2 441 211 387 229 219 38 301 75 109 367 268 98 397 253 341 225 171 205 10 69 62 191 92 26 11 138 258 212 427 15 94 288 62 88 335 364 385 266 81 49 82 304 349 278 34 91 189 331 41 314 352 383 27 315 331 261 82 373 163 348 2 181 356 313 378 422 202 42 324 383 273 68 311 434 439 378 55 374 160 94 432 233 292 195 322 108 432 13 300 196 363 84 380 175 177 430 390 100 12 201 167 73 164 419 430 280 39 272 280 258 415 123 95 134 182 302 268 382 262 29 309 333 221 157 33 63 16 408
222 98 248 209 331 227 226 434 230 306 29 221 419 131 351 29 21 213 13 330 186 113 364 217 401 142 419 163 166 116 189 179 64 371 136 13 317 334 218 24 202 288 102 179 335 325 331 19 14 243 415 326 136 406 384 23 392 338 397 260 184 214 106 298 84 173 305 322 129 31 122 30 141 128 207 125 396 122 318 54 331 22 426 17 81 270 213 438 150 411 138 234 337 210 282 121 123 131 35 165 344 363 322 147 230 61 207 311 64 263 240 183 249 271 198 16 217 263 240 55 163 175 380 392 282 23 90 428 356 6 398 397 197 348 285 347 51 56 75 437 22 253 388 367 149 264 400 187 121 119 299 386 46 371 300 27 43 200 201 385 274 306 384 60 115 83 107 441 293 436 289 189 59 9 329 25 274 201 375 9 33 94 265 248 72 17 362 160 220 244 389 335 126 246 195 396 389 97 417 442 62 50 101 129 72 129 318 17 109 330 341 370 299 79 371 352 205 198 186 404 216 303 219 289
226 100 150 77 390 220 422 373 167 272 446 70 344 0 43 251 176 447 60 129 108 408 95 441 110 438 430 384 345 112 18 348 110 424 392 202 229 361 396 364 27 269 50 202 102 320 133 450 236 112 54 338 255 27 419 79 134 407 56 146 201 169 186 170 123 55 129 34 56 223 356 73 404 382 135 262 64 347 14 440 326 134 101 351 88 27 386 265 348 237 298 97 305 324 62 236 337 21 178 118 296 117 161 401 277 439 398 379 318 252 105 288 2 410 23 307 26 193 9 358 420 328 191 56 185 29 77 193 183 435 86 76 38 173 269 326 335 347 376 87 317 135 343 120 86 277 330 33 218 132 436 35 51 210 180 402 363 292 284 176 39 428 87 173 451 72 207 157 198 32 435 310 355 277 438 32 190 28 61 47 22 370 367 443 186 102 47 380 86 276 67 193 296 8 216 313 136 249 270 159 323 246 225 168 309 371 211 431 2 246 411 386 267 334 147 42 413 274 258 180 216 68 375 104 382 175 177 91
230 23 39 347 455 372 57 59 83 143 237 404 28 365 125 384 49 100 441 154 112 77 112 153 400 245 133 24 406 59 232 14 362 222 129 192 22 124 60 229 391 10 421 97 305 436 185 227 267 86 129 277 428 368 292 444 121 310 184 137 185 441 145 456 126 105 159 388 168 180 122 60 243 422 337 327 187 178 305 398 53 218 424 230 5 29 459 313 274 201 348 50 150 370 432 435 160 161 33 419 439 49 432 80 116 402 301 289 97 425 136 396 126 168 308 169 294 312 174 323 138 373 263 313 275 184 222 201 83 387 92 295 67 312 34 237 298 303 295 230 210 426 398 314 213 86 158 227 145 270 11 222 14 243 219 357 70 222 76 328 459 211 70 195 185 283 383 221 416 172 421 93 138 57 36 2 243 49 138 337 82 215 84 407 198 66 281 199 79 242 433 420 370 304 344 120 218 300 323 413 114 279 164 298 434 233 355 234 434 75 203 452 89 430 377 3 190 413 283 209 160 238 259 34 180 178 137 82 141 274 322 357
238 55 89 182 370 202 147 52 349 263 22 164 347 207 112 275 315 302 93 156 295 321 194 226 207 275 140 118 370 402 28 78 404 409 248 133 386 86 472 75 108 310 4 245 303 24 202 440 57 144 233 221 158 43 415 287 284 343 62 127 472 361 200 1 103 470 364 114 149 143 386 265 14 406 111 202 255 150 450 238 298 152 360 439 458 459 264 102 380 166 271 155 451 303 283 211 426 299 119 116 239 98 172 413 329 330 36 218 155 296 312 99 286 441 91 134 366 56 407 32 33 222 249 44 143 361 10 250 224 456 23 61 275 377 241 179 8 274 353 358 180 366 444 391 244 66 279 305 227 186 40 348 378 179 199 116 352 423 24 130 337 60 81 303 280 452 260 448 217 321 149 20 90 354 372 147 258 234 425 147 455 190 451 467 308 279 184 115 27 296 248 350 329 183 114 186 296 212 263 177 362 173 363 312 290 68 346 322 350 229 73 400 399 18 446 99 205 89 387 245 264 377 113 246 162 359 174 113 1 406 317 228 458 437 423 194 427 255 95 251
238 47 16 241 423 42 166 386 66 377 283 421 24 438 367 343 272 228 164 225 373 7 315 164 167 331 356 121 33 263 472 404 38 458 378 46 27 357 56 99 81 111 472 338 205 253 86 106 348 130 475 420 472 253 216 433 435 156 148 398 190 9 132 401 406 302 383 175 83 43 289 10 386 197 132 337 95 122 242 451 436 190 145 357 225 275 253 326 254 334 70 313 11 57 345 367 333 0 67 448 278 29 89 192 193 237 98 46 338 316 56 379 378 132 31 280 462 469 405 185 420 156 455 456 364 110 464 55 179 372 352 446 439 368 324 333 381 19 349 300 224 326 371 73 312 452 197 15 75 189 141 99 159 361 295 108 205 463 69 306 206 245 341 10 101 169 206 310 14 328 353 117 55 290 40 379 69 213 96 158 20 83 41 252 69 37 227 8 356 307 153 90 453 405 329 331 406 187 90 14 473 420 458 15 254 80 209 306 154 400 225 312 64 36 180 442 202 4 104 120 176 175 230 441 139 371 192 447 259 358 322 422 407 45 67 402 194 464 359 289
242 8 67 414 202 255 463 281 212 207 105 453 25 381 225 54 370 21 301 444 311 164 57 63 8 8 472 209 40 146 407 130 277 166 46 106 67 174 129 157 12 108 119 126 35 284 223 433 346 87 76 210 272 375 355 381 334 389 149 25 169 7 28 271 76 128 43 189 287 153 13 385 188 313 462 159 428 79 161 258 386 325 325 363 182 408 239 200 220 153 126 454 45 218 152 232 352 348 133 321 444 283 338 434 415 231 443 57 331 222 50 236 409 258 365 101 435 308 36 107 162 465 279 94 381 297 321 113 178 376 273 480 124 182 149 396 60 255 335 183 365 75 100 466 121 254 69 89 256 259 67 258 238 349 461 72 191 326 266 432 414 260 351 341 9 101 221 425 177 467 8 57 390 310 324 390 205 366 213 307 455 126 32 361 287 347 350 382 68 103 145 423 339 56 346 191 447 7 410 182 314 357 245 126 429 47 439 4 294 80 200 275 171 109 22 296 13 171 247 168 383 120 212 218 445 456 429 58 243 436 290 266 7 9 319 382 65 408 316 182 185 137 44 195
242 205 18 155 58 66 121 64 478 77 226 187 170 422 438 79 238 2 402 367 311 384 363 49 49 197 270 246 288 305 411 273 349 111 455 64 314 11 354 234 103 474 216 181 263 473 111 56 344 72 21 436 240 279 115 441 166 179 392 256 43 8 477 354 10 272 311 385 295 373 271 119 483 407 343 201 176 202 26 384 170 148 259 33 91 375 364 79 275 351 254 401 77 448 481 110 404 325 52 218 378 37 142 350 67 453 118 198 193 112 319 218 152 130 282 106 47 155 101 286 391 376 184 241 92 102 461 271 181 323 377 307 207 22 457 460 220 468 285 243 293 466 335 84 325 129 29 90 421 202 410 418 305 411 375 201 183 16 442 403 35 454 60 48 341 238 407 382 216 390 413 27 3 447 233 454 417 299 423 78 18 334 453 191 238 189 33 297 65 131 48 76 473 129 93 400 156 301 176 144 467 254 320 70 102 95 301 168 10 328 157 277 206 383 389 273 436 291 303 345 475 31 333 404 480 129 165 346 442 284 482 99 166 91 391 150 423 189 216 305 254 24 214 420
246 21 162 441 467 320 271 477 362 245 109 182 303 462 221 98 324 455 301 362 222 196 432 288 397 50 185 187 66 219 173 419 64 202 18 434 447 166 328 399 63 393 223 151 389 318 309 38 298 266 129 63 28 173 131 67 397 171 455 245 368 282 141 491 315 445 93 361 482 445 460 48 403 294 219 145 204 346 328 378 471 280 432 106 27 284 271 36 164 309 382 53 450 180 265 215 480 351 490 286 213 315 125 28 394 341 136 281 155 264 44 19 27 225 132 386 88 454 302 318 354 396 278 431 307 92 123 433 354 369 463 395 443 329 279 253 188 334 275 170 170 354 212 72 85 328 37 243 191 216 283 245 173 176 430 365 422 143 323 444 142 63 445 274 203 108 109 104 348 339 142 53 402 343 77 202 137 268 113 182 187 424 406 262 101 258 1 204 425 430 211 133 105 261 331 323 364 270 242 462 106 208 167 7 23 344 316 307 82 243 451 215 294 260 456 285 437 234 470 278 155 78 290 398 60 425 278 94 52 163 390 212 87 409 139 41 30 90 14 488 23 145 376 204 346 133 396 376
250 83 5 293 78 473 69 76 228 227 352 153 402 465 243 275 150 119 215 363 8 498 391 248 105 434 281 489 292 54 41 36 205 4 277 356 363 44 42 257 348 345 447 346 363 254 478 71 386 459 435 48 226 6 80 224 355 383 193 86 119 331 456 333 424 205 389 247 99 267 255 247 249 275 187 368 368 14 159 419 20 389 53 286 216 445 207 482 402 197 45 287 164 88 326 82 469 373 154 483 180 363 54 472 100 472 420 458 187 16 270 428 183 286 139 262 332 356 148 13 360 146 318 20 160 231 365 11 496 432 196 30 21 183 111 89 412 361 156 435 272 327 97 386 459 481 416 242 159 419 64 406 236 448 14 325 203 36 411 212 29 399 261 318 356 157 121 292 468 272 118 217 111 377 429 93 98 224 423 26 452 418 414 140 341 452 123 103 345 299 371 53 374 99 424 49 142 324 463 152 197 492 432 66 270 87 338 132 198 344 351 150 17 226 281 126 285 332 192 11 336 68 153 160 448 224 238 446 227 130 327 302 200 424 486 492 488 479 461 495 51 246 255 7 96 260 211 385 258 138 463 82
250 45 252 314 424 280 7 209 68 4 277 262 387 430 490 228 241 184 127 260 349 186 380 476 218 50 422 127 488 466 71 399 55 342 107 145 341 278 138 495 249 314 81 115 371 480 343 10 258 364 262 480 277 89 496 475 30 354 18 19 4 496 29 146 499 159 132 119 64 257 488 318 337 79 199 346 344 135 261 246 244 163 83 288 64 208 342 467 330 105 100 456 255 359 281 224 161 22 212 116 280 313 331 78 275 320 380 483 437 171 268 75 123 186 480 69 125 467 402 202 125 211 264 253 190 158 29 387 362 384 79 297 341 479 304 413 272 231 432 121 442 462 133 292 297 481 406 498 87 346 168 251 78 261 477 355 138 288 11 298 20 233 429 156 309 80 221 347 61 90 139 331 497 176 397 411 57 77 494 37 400 218 59 406 211 215 256 349 280 83 325 452 221 247 188 133 65 60 67 464 68 436 33 242 18 375 434 327 447 22 271 231 96 488 234 493 325 136 80 464 268 254 207 417 214 142 83 3 376 14 364 443 187 35 130 116 375 198 182 304 332 492 307 497 217 335 246 187 295 234 413 499
250 56 406 152 476 221 401 351 289 227 52 313 385 225 182 349 233 430 141 363 128 256 397 357 108 174 62 130 162 404 125 47 72 306 130 340 2 133 81 346 164 171 493 363 14 355 4 153 130 452 473 230 283 289 81 124 422 48 212 269 287 317 110 446 32 284 96 108 137 110 56 294 7 136 196 473 483 337 255 496 184 104 0 91 326 170 496 101 492 499 14 174 459 342 132 287 320 281 262 374 467 470 384 270 359 339 151 166 82 269 352 232 111 8 435 116 5 14 212 15 83 264 460 419 480 275 224 413 60 372 407 471 427 409 368 401 189 40 367 464 10 392 88 326 159 78 334 306 13 91 365 211 111 189 275 158 277 321 485 269 372 334 498 481 471 429 42 105 452 363 317 167 17 329 193 182 323 0 467 494 208 324 141 111 485 200 481 165 181 410 395 373 53 263 329 370 355 76 21 406 240 388 209 266 73 296 157 96 117 309 326 309 113 127 316 77 161 103 71 77 274 495 320 327 309 328 244 20 276 94 25 456 45 105 122 159 98 314 13 161 297 33 166 93 11 82 477 137 325 298 78 455
258 105 291 415 118 219 421 170 32 409 437 311 95 403 111 305 425 506 230 22 401 68 418 153 503 167 390 439 63 111 346 326 221 178 281 200 315 217 227 198 229 113 93 456 331 120 320 363 121 186 111 234 291 227 311 165 210 369 41 500 382 131 430 510 386 470 106 243 499 385 172 221 207 158 193 41 473 445 470 73 162 291 422 291 190 156 305 119 126 454 421 140 353 160 355 242 418 209 95 331 415 451 140 228 445 161 62 292 175 68 298 491 210 176 194 97 243 325 105 288 483 454 60 195 471 237 344 67 234 458 116 415 452 400 228 69 495 75 483 248 150 464 358 257 286 238 150 76 378 62 476 96 371 7 358 231 494 48 131 509 266 158 59 504 144 318 161 351 167 494 409 428 24 265 191 141 373 491 498 236 238 297 513 237 191 104 515 492 445 58 405 411 214 258 287 246 176 145 188 146 16 227 449 398 302 509 484 188 332 72 443 46 327 449 204 379 163 149 149 493 307 180 53 387 32 329 474 46 165 115 97 51 43 155 451 52 488 487 133 392 159 335 196 484 139 470 281 494 174 276 291 300 464 306 499 63 240 343 514 242
258 209 208 360 238 363 355 464 504 509 82 414 35 450 90 245 161 195 8 12 210 256 72 38 212 184 290 401 367 83 378 388 294 383 142 430 81 481 167 60 314 141 9 133 415 206 407 454 353 288 449 359 63 479 34 455 439 234 113 183 318 87 96 515 370 105 432 166 57 50 417 92 19 239 183 163 274 427 500 442 266 492 481 472 48 68 49 13 263 175 477 249 458 364 384 298 274 380 415 45 15 336 480 37 426 258 313 76 244 101 390 32 354 183 92 455 461 459 358 253 410 415 230 81 250 437 291 341 471 34 190 490 393 351 104 249 367 150 418 59 5 414 22 241 63 247 83 110 76 471 78 446 61 9 82 462 60 322 25 383 452 195 394 278 494 154 185 254 292 365 285 135 450 425 16 175 351 503 378 14 101 34 236 359 241 490 181 122 48 240 206 151 294 2 299 184 224 514 80 78 459 275 152 242 173 19 350 243 185 156 498 256 513 457 247 376 288 334 81 275 83 380 266 204 401 237 114 143 350 124 302 45 311 179 99 301 184 287 512 120 327 492 483 221 46 278 21 335 195 218 250 364 357 476 495 504 137 347 136 431
258 194 45 444 212 367 34 440 290 295 353 55 168 416 126 451 100 494 438 28 491 54 31 35 12 354 413 334 305 205 41 427 72 288 401 187 378 69 79 444 22 284 141 338 321 245 319 294 176 284 349 167 480 241 247 508 430 87 184 137 373 2 428 64 371 21 337 459 56 482 329 192 415 380 62 117 99 479 463 269 164 18 498 349 74 336 292 208 83 357 460 45 81 314 361 246 225 276 62 465 307 345 267 44 267 19 438 375 9 315 250 507 231 424 28 161 100 357 39 481 256 401 367 20 243 246 155 273 493 91 127 341 397 174 24 189 14 119 314 307 511 503 302 298 26 437 437 175 43 192 147 252 387 224 11 35 277 188 391 232 374 365 137 418 272 387 259 260 181 56 363 376 339 90 434 141 410 474 178 241 141 49 139 285 70 241 57 358 485 345 513 446 91 264 482 413 41 465 385 107 336 488 402 164 176 339 313 279 506 244 235 295 343 340 302 443 111 139 108 359 504 360 376 53 40 464 480 433 199 383 23 310 312 77 174 200 254 3 234 514 148 371 156 236 328 366 61 21 194 159 25 47 225 441 126 104 411 482 26 369
262 109 30 58 134 11 351 49 510 395 364 365 313 199 395 414 342 245 454 449 450 166 407 362 146 240 480 380 496 118 40 35 25 40 145 138 431 280 477 56 374 88 91 517 270 344 109 165 118 299 228 196 469 321 301 23 290 262 517 230 13 212 41 94 83 176 50 158 12 390 508 340 427 7 323 369 152 522 249 131 332 37 510 297 427 326 515 413 468 494 418 247 22 11 515 372 203 344 95 43 252 293 229 125 486 156 119 253 300 422 192 185 229 51 124 461 170 444 39 500 157 186 467 455 152 351 292 233 472 309 46 222 33 516 304 465 51 385 108 94 306 280 28 7 71 147 227 87 64 226 230 361 202 308 415 365 496 301 431 261 149 454 234 236 80 427 227 245 301 495 460 259 38 354 71 381 174 458 416 159 328 361 348 1 224 62 488 173 439 171 60 513 415 416 216 124 349 289 71 340 149 333 481 65 348 330 190 490 174 218 349 126 523 406 438 9 455 374 385 227 313 454 142 451 470 464 434 33 40 273 225 9 371 505 223 23 395 412 259 141 386 128 358 97 386 99 344 226 242 133 389 230 54 252 0 432 436 85 412 397 221 218 276 408
266 61 175 90 345 483 212 178 225 17 306 358 30 177 404 62 237 494 7 149 312 462 409 465 159 422 413 117 458 18 245 44 290 1 319 394 185 144 464 106 72 12 158 448 231 45 281 160 501 134 297 448 12 60 35 115 342 258 140 69 267 88 142 210 274 345 516 390 526 190 119 263 77 392 160 89 225 522 311 46 118 262 347 106 253 461 13 355 8 204 351 160 4 128 189 110 434 461 491 491 338 290 11 293 400 425 151 442 189 268 217 229 387 378 109 440 263 54 435 516 116 101 151 339 450 508 468 206 117 255 323 476 114 372 144 473 120 116 109 369 487 415 233 528 114 312 450 127 287 345 220 355 471 348 381 101 152 237 84 256 431 400 426 238 198 274 53 255 234 180 180 397 14 105 316 513 288 356 154 146 129 444 479 73 211 8 46 276 517 177 104 77 148 448 293 300 146 520 328 447 497 382 301 311 235 58 271 233 344 138 276 96 22 284 432 67 99 509 273 225 208 222 241 203 511 402 305 66 485 516 505 205 255 349 116 49 412 230 179 386 496 79 414 474 8 251 324 432 360 39 502 489 510 104 72 359 313 370 145 262 183 242 452 451 335 84 192 367
266 144 96 303 181 429 169 284 73 375 482 110 383 373 214 187 392 331 350 253 351 311 218 221 479 263 310 171 269 166 483 194 373 87 407 302 499 519 199 57 79 204 84 1 235 107 54 501 411 112 129 324 349 327 365 397 469 187 225 499 363 42 365 443 80 125 474 490 393 299 346 196 149 397 128 203 421 67 54 525 179 344 173 132 429 218 346 223 39 402 96 247 80 403 104 180 477 304 443 198 253 227 234 375 6 330 123 427 390 119 238 471 492 493 21 263 232 196 416 60 510 53 501 239 281 287 284 404 454 245 492 146 323 337 14 309 406 481 164 240 194 333 232 370 379 111 185 471 449 120 473 228 98 393 125 481 194 513 283 363 347 387 464 117 398 404 323 468 334 160 255 350 173 237 436 397 153 445 284 47 102 81 222 299 65 447 221 163 131 56 137 233 300 444 421 268 136 439 222 13 213 244 230 285 333 79 223 18 222 129 412 12 57 414 140 265 458 168 513 161 36 147 288 337 101 518 521 397 52 124 441 163 487 468 436 88 319 314 518 70 519 353 31 89 190 16 209 403 487 250 528 359 302 410 94 237 120 225 478 241 241 156 475 270 64 152 501 213
282 64 513 157 293 442 206 361 121 175 85 141 541 526 509 159 265 243 263 346 60 47 80 176 415 553 528 253 218 131 370 96 343 77 312 387 195 208 351 321 202 116 5 326 495 34 477 79 235 330 310 511 251 117 346 362 54 518 344 222 117 285 302 19 389 176 472 181 324 521 38 505 226 494 204 276 185 425 385 220 520 227 173 86 21 134 151 191 452 176 326 263 220 237 278 336 470 357 99 388 380 469 363 127 478 159 131 289 369 458 215 146 299 144 482 358 426 356 437 145 83 45 374 115 146 381 125 92 112 115 0 20 197 130 358 337 538 140 418 508 286 336 45 402 185 53 40 323 395 261 201 500 258 398 299 11 441 330 329 223 111 413 183 543 52 222 24 417 431 163 161 103 155 487 195 510 222 335 147 404 422 170 451 1 507 50 78 449 99 269 61 560 67 277 32 297 97 407 438 205 351 492 10 143 62 417 387 145 459 435 36 479 45 433 125 501 86 231 558 188 474 494 285 431 380 370 498 220 98 223 452 111 517 52 19 9 232 431 537 137 410 407 18 388 307 107 234 366 349 406 523 316 235 470 430 489 513 238 453 159 171 219 377 546 25 448 460 247 253 263 106 120 64 4 13 396 161 208 5 117 268 449 243 59
286 63 245 73 500 98 337 517 17 246 115 356 183 167 255 462 570 407 325 520 536 310 405 26 129 173 228 107 18 182 234 175 297 23 254 457 55 222 452 158 550 440 251 423 517 305 122 96 501 257 245 506 376 126 298 546 326 266 438 556 256 216 546 101 101 297 8 506 355 425 397 359 137 253 106 226 95 364 62 359 483 152 560 544 172 170 484 402 515 299 81 127 500 211 297 157 154 297 105 184 566 294 288 258 137 175 448 512 203 26 253 267 544 537 284 447 81 517 132 20 265 144 131 239 545 196 64 322 364 505 35 115 209 361 253 425 227 4 136 529 345 196 446 38 398 58 487 25 330 445 316 103 127 520 116 543 344 362 490 57 145 154 149 363 250 405 565 283 274 247 93 262 421 22 355 324 48 400 345 143 426 127 559 241 39 142 324 303 171 98 298 262 207 228 128 35 145 268 396 269 547 479 127 156 42 322 333 500 376 483 101 217 190 306 389 464 528 430 358 293 380 82 433 421 485 560 540 445 21 34 127 399 308 79 516 100 101 236 25 433 462 490 477 13 7 164 346 30 476 543 365 330 508 326 227 484 346 82 146 431 33 418 86 518 414 411 318 259 264 328 245 141 174 184 137 505 465 417 358 368 108 359 133 564 497 107 30 317
290 115 81 175 390 106 525 258 535 169 187 320 454 2 156 443 387 437 563 87 574 106 341 177 138 8 428 461 322 271 198 138 354 284 268 159 282 290 151 476 138 132 167 383 419 447 452 321 22 103 136 450 563 276 40 456 508 444 445 282 304 309 283 269 75 59 538 160 511 462 224 518 579 365 76 481 157 445 184 217 511 445 364 138 22 219 201 537 498 471 355 153 63 101 185 570 499 403 337 442 354 303 297 261 542 87 499 125 346 322 453 432 186 427 521 116 381 48 181 451 368 493 221 284 269 485 22 232 116 121 442 426 290 402 448 233 222 58 77 499 331 219 501 409 467 281 245 289 511 69 252 203 96 301 327 198 212 305 229 561 185 402 140 112 268 395 440 425 251 554 513 138 300 174 323 479 211 22 501 373 527 216 439 548 233 104 434 382 311 155 75 315 500 214 231 323 215 224 303 432 150 250 379 556 177 293 128 522 192 246 141 325 419 492 113 566 166 355 110 479 66 414 286 321 303 508 292 170 321 302 532 515 39 479 147 124 206 186 437 278 115 330 240 163 197 556 421 479 477 505 521 573 432 296 239 127 493 491 535 359 159 171 134 112 250 217 542 158 68 231 489 411 80 305 348 361 286 310 534 317 452 478 374 491 113 255 288 261 214 571 417 232
294 73 316 113 366 512 586 412 254 586 163 512 218 345 111 44 294 583 244 338 31 192 312 227 269 148 507 202 532 505 136 183 153 402 545 221 29 401 121 543 282 84 502 369 371 482 298 568 262 233 79 258 459 53 222 200 113 90 231 83 508 234 527 581 326 20 401 169 398 370 63 396 349 10 497 19 310 305 535 275 20 250 330 435 138 11 430 58 360 130 396 33 151 105 318 28 536 457 512 98 402 462 478 293 19 276 291 346 268 14 556 259 238 90 456 241 568 314 156 4 457 64 506 157 448 531 172 473 65 342 291 584 246 321 88 381 147 548 231 469 179 136 565 214 26 34 21 195 389 407 312 201 32 124 546 193 105 388 275 173 365 259 477 38 74 325 99 444 523 111 389 137 430 364 292 115 422 221 582 566 48 504 398 71 230 587 456 406 426 362 245 28 78 89 327 548 22 170 66 105 355 35 439 249 59 153 343 355 179 172 45 391 298 532 386 186 25 494 381 360 378 450 359 59 25 366 354 576 58 494 266 131 506 481 122 553 322 222 464 238 569 270 335 492 411 297 36 415 206 463 370 428 547 123 332 444 68 126 505 304 287 37 120 33 420 222 565 406 220 201 109 284 219 250 176 367 478 537 569 426 257 127 479 39 105 548 461 3 428 82 552 354 83 529 561 94
294 272 361 188 312 352 354 514 320 172 102 251 312 386 150 539 535 307 476 143 217 389 414 110 504 491 234 182 421 484 82 403 342 548 192 41 459 459 0 429 322 407 131 525 69 568 69 388 477 505 361 8 543 564 224 538 41 5 52 381 297 5 416 494 130 178 151 128 312 235 469 263 464 272 27 117 103 322 280 269 216 328 461 181 469 261 56 99 241 121 84 427 258 79 193 239 137 535 245 6 384 94 180 324 204 279 317 505 1 578 101 561 552 268 19 515 297 190 153 528 586 226 200 470 190 540 65 113 179 338 60 355 193 281 381 388 357 544 351 263 342 505 567 332 236 69 366 113 437 378 275 227 562 576 448 473 287 49 96 104 442 0 529 584 44 304 167 545 79 6 27 100 283 359 536 282 77 7 167 214 452 91 505 189 503 150 290 438 303 53 493 14 577 148 322 252 439 14 34 574 119 316 415 574 556 274 12 282 560 551 467 543 329 518 149 177 369 72 95 219 21 516 195 10 245 248 267 305 161 64 499 151 58 474 296 56 504 571 173 447 46 231 309 403 451 23 231 518 502 332 85 52 407 8 52 255 50 250 398 151 121 218 446 267 587 71 92 14 529 440 30 20 334 321 141 580 25 320 550 349 516 158 94 474 91 563 359 554 433 287 448 201 111 59 274 446
294 267 248 207 132 110 143 221 483 208 246 335 166 132 110 450 191 58 123 551 298 435 337 63 129 246 500 541 299 433 453 304 71 546 292 94 5 375 130 134 308 104 317 157 175 235 115 490 242 414 515 412 122 451 211 93 315 545 467 412 447 176 163 219 51 568 177 160 27 214 27 137 269 281 58 31 539 455 422 311 541 303 147 262 15 344 324 534 508 138 275 346 450 360 514 221 570 551 413 146 412 438 430 545 469 574 190 121 28 51 381 20 540 339 208 427 282 326 53 562 476 557 559 478 415 132 576 536 261 483 467 11 93 258 343 410 396 172 351 34 230 338 167 282 293 417 502 514 420 534 201 303 272 75 40 431 283 29 530 212 549 198 283 580 349 384 177 477 479 247 371 500 78 64 520 389 363 382 96 227 219 84 417 191 4 549 160 400 300 79 265 472 578 477 438 72 89 495 543 282 219 435 186 16 129 100 217 6 100 368 65 31 39 284 380 9 343 99 399 186 249 458 130 123 167 414 20 137 208 153 19 436 16 210 71 176 49 44 5 361 410 296 402 442 41 224 324 425 30 562 167 209 105 347 257 60 402 425 475 317 95 518 563 331 395 304 47 184 507 180 365 173 372 70 416 352 141 518 426 252 544 462 547 517 256 267 314 467 424 366 268 9 559 325 310 508
306 13 607 490 63 249 112 157 342 433 333 311 533 481 225 421 45 100 572 592 273 308 285 175 97 242 297 330 531 276 325 89 412 412 314 464 591 281 360 168 233 547 589 84 421 134 549 234 523 315 417 48 169 313 350 567 59 573 150 465 530 13 450 574 22 488 403 366 414 114 273 569 506 578 233 464 508 383 201 467 256 165 203 35 415 87 160 321 485 156 4 29 215 561 372 479 516 163 555 286 577 63 247 415 215 595 322 577 382 341 405 395 120 247 21 493 68 461 466 206 607 384 40 366 321 60 482 491 284 221 595 541 385 165 405 122 579 341 396 416 571 308 436 577 523 413 193 583 7 106 588 443 547 597 138 38 186 510 15 589 412 242 263 214 93 493 406 185 326 55 216 191 318 446 236 93 150 247 15 255 376 4 345 182 184 343 522 599 545 204 114 230 214 57 511 607 118 82 92 123 586 371 259 36 515 227 169 523 251 497 364 299 587 379 94 33 580 289 507 277 587 469 605 218 34 164 544 544 302 337 365 378 201 55 478 572 598 315 358 407 607 309 535 268 270 367 293 579 255 581 496 183 601 353 596 65 404 229 415 181 470 5 92 525 287 31 552 103 233 450 114 477 332 478 524 444 74 222 295 124 150 386 41 564 137 517 256 353 115 36 195 533 368 533 590 31 9 560 313 255 188 444 512 590 481 603 221 171
314 21 393 12 528 66 440 344 100 362 602 462 240 533 288 60 227 511 575 150 255 565 2 308 19 505 52 588 343 533 84 306 292 482 624 277 562 550 337 607 445 291 402 558 210 486 373 504 251 187 421 366 385 105 502 273 122 29 166 503 612 526 80 591 586 622 477 399 533 326 280 510 278 472 218 543 370 564 257 146 354 136 407 444 277 177 152 103 2 111 271 168 25 413 333 572 585 173 357 295 101 193 286 580 285 481 40 243 58 339 172 327 610 318 484 223 372 38 476 558 227 350 272 435 267 419 239 71 17 417 8 250 72 363 511 172 44 77 344 352 27 541 123 600 152 454 627 457 75 137 422 625 169 364 587 538 571 227 224 227 30 309 415 378 112 398 113 19 189 184 428 598 25 425 121 162 40 270 4 82 57 343 472 282 464 14 455 618 439 555 487 592 162 1 455 179 207 97 412 161 218 495 431 402 369 612 417 84 203 599 440 130 406 172 281 523 264 509 10 28 140 248 33 52 174 393 143 238 234 61 575 478 114 504 436 329 89 427 147 175 534 8 229 13 406 476 194 240 515 349 369 523 472 526 481 53 377 102 182 141 80 413 402 574 128 567 498 412 38 432 312 236 248 356 37 78 401 144 422 261 255 363 338 425 491 497 274 196 390 476 225 547 8 281 555 189 569 173 294 486 249 376 461 435 277 290 167 297 310 80 506 324 342 390 495 573
318 35 462 143 613 422 427 395 12 452 168 571 61 249 197 198 88 140 592 546 409 583 151 39 356 537 204 48 89 91 323 405 91 100 392 603 527 165 389 602 76 535 304 567 444 157 266 586 634 321 224 276 174 578 282 360 534 125 465 150 151 115 597 297 20 576 74 198 245 495 583 90 31 354 400 13 99 585 357 41 428 603 154 6 565 585 600 569 587 329 381 148 418 434 55 30 371 0 312 390 162 363 585 80 162 185 621 576 172 295 55 409 272 344 597 196 293 535 15 554 487 74 528 186 219 49 633 276 498 179 242 511 202 530 388 202 401 551 150 169 51 309 547 11 38 405 133 93 417 412 23 120 435 330 542 621 65 623 88 555 362 512 137 34 401 225 371 282 469 558 446 87 160 467 513 528 298 178 574 359 236 122 491 484 335 359 67 165 521 548 179 91 490 308 154 500 516 597 27 285 302 513 440 43 565 38 596 293 483 291 623 69 601 529 434 397 526 424 247 500 396 270 173 600 96 505 382 330 71 147 588 464 520 348 251 579 475 367 24 219 581 206 528 156 188 202 534 514 258 390 180 166 483 301 628 100 486 246 146 572 602 122 76 312 32 498 68 363 53 68 286 423 393 32 249 519 586 233 630 122 382 114 151 416 180 302 65 145 33 366 615 22 298 606 635 375 37 370 246 449 3 237 434 83 209 488 281 469 244 273 131 68 133 558 316 568 322 431 14 586
322 248 287 165 621 194 63 93 399 286 486 414 182 620 593 528 639 555 15 281 253 169 509 151 242 226 289 556 449 288 422 126 292 164 116 594 399 607 486 526 18 461 122 319 36 429 249 462 597 512 543 457 44 599 420 101 562 128 542 57 571 374 399 300 293 260 160 274 619 180 151 492 596 574 150 424 140 216 278 391 484 399 535 344 66 10 357 484 324 513 430 557 488 569 9 386 359 218 216 465 417 43 133 187 548 278 100 448 205 590 388 429 112 212 551 40 535 229 610 189 158 469 159 135 386 567 451 143 448 499 364 246 529 79 271 120 133 519 1 449 73 406 406 77 189 633 35 138 143 331 398 508 560 3 492 85 287 88 28 543 424 161 608 461 635 326 96 219 601 412 562 114 342 613 286 25 326 601 544 366 26 65 41 200 180 316 604 58 58 404 203 502 214 205 111 143 85 558 439 492 140 452 608 376 448 450 627 636 207 213 410 385 417 123 623 176 49 83 12 569 540 9 444 177 615 557 61 320 415 455 60 418 263 360 493 75 429 471 94 17 380 67 238 638 296 145 503 264 499 441 62 127 570 340 335 250 117 153 599 104 356 131 623 119 119 66 368 580 72 567 627 58 501 593 84 351 124 629 399 233 331 451 148 138 577 204 453 194 49 396 85 494 160 182 528 380 147 560 22 71 55 163 585 91 534 353 613 479 81 538 552 376 267 410 16 401 569 349 570 8 83 623 347 339
326 56 171 8 321 452 140 447 375 149 122 551 190 513 65 394 245 84 139 162 201 379 7 560 138 106 213 332 528 465 25 442 641 637 387 236 81 473 23 81 320 501 306 521 332 373 538 261 408 302 44 122 346 200 424 516 565 550 608 227 247 99 354 106 351 579 637 588 388 200 298 155 610 11 380 645 408 41 395 359 566 455 343 306 136 381 260 522 294 343 45 1 267 239 587 85 429 565 441 396 214 426 449 464 590 270 580 323 302 471 281 399 344 458 560 48 419 137 194 85 275 91 43 433 604 535 300 32 589 545 303 378 287 341 73 283 227 293 19 581 53 163 515 503 282 199 46 367 109 201 128 90 233 476 231 54 366 482 541 343 339 628 4 643 573 297 414 15 261 483 174 171 374 504 475 323 606 227 522 446 372 87 505 601 69 301 353 459 331 408 194 204 328 136 90 399 435 399 550 531 194 155 35 64 162 231 599 509 63 117 533 241 500 146 101 372 393 299 164 593 188 31 149 511 25 600 511 69 110 178 281 191 66 232 55 149 128 278 29 178 10 68 139 465 612 388 383 120 207 88 3 451 457 117 595 325 452 332 481 30 87 44 306 148 420 237 84 229 59 53 294 146 572 302 388 34 79 38 277 273 642 101 590 351 214 628 221 39 429 428 489 403 619 120 272 630 373 416 150 529 101 211 345 278 531 631 311 87 373 193 247 568 229 212 149 96 27 429 318 307 513 641 620 97 2 61 473 290
334 221 65 443 477 618 566 73 250 624 11 586 437 389 626 181 462 181 451 343 644 101 186 348 612 311 628 412 547 113 116 543 417 632 307 569 197 325 551 195 74 51 460 246 626 381 83 179 522 496 395 302 171 659 254 607 462 602 594 139 77 6 365 5 489 108 316 523 144 519 429 215 384 525 620 542 117 445 61 589 80 134 47 476 275 305 202 338 372 407 231 624 179 444 296 395 487 397 59 412 490 102 472 166 174 455 436 280 183 268 273 590 446 289 593 508 451 254 10 251 132 439 582 299 511 250 258 260 469 472 446 648 368 0 97 189 52 556 510 473 621 365 180 317 280 226 270 631 135 122 118 256 126 581 654 123 462 420 102 248 580 345 442 280 360 189 54 227 60 640 400 276 226 251 410 377 128 514 546 130 503 46 409 4 231 108 112 579 132 142 424 346 559 451 8 666 336 318 148 242 78 620 387 20 456 87 360 206 211 97 190 472 157 508 40 105 556 530 147 626 524 252 76 113 164 573 12 365 425 378 352 584 605 288 544 275 233 655 413 186 576 534 432 408 175 63 608 61 144 226 300 92 193 385 133 19 182 613 482 493 420 591 390 409 585 38 339 194 501 419 243 52 492 209 164 432 254 443 221 444 472 107 267 441 617 447 41 76 334 168 226 595 469 287 612 339 460 565 18 72 665 162 303 123 131 240 490 87 191 331 171 423 597 457 247 296 266 131 337 606 469 369 479 416 22 38 272 233 555 17 196 117 280 331 639 388
334 167 451 349 207 457 5 39 91 149 294 342 622 523 104 497 154 390 387 620 599 271 634 444 374 372 657 352 42 365 250 32 153 308 267 640 508 448 158 360 664 599 643 492 656 649 203 495 521 371 660 152 407 32 206 345 203 27 181 428 92 629 124 307 356 480 534 83 546 219 546 362 7 102 457 604 50 49 392 166 609 413 606 608 117 36 603 476 289 337 559 334 632 664 353 33 47 51 384 229 489 567 598 347 240 326 18 160 138 270 616 227 169 414 653 594 321 235 343 369 500 358 57 363 70 409 387 536 307 191 662 327 260 589 88 646 545 595 651 243 252 480 107 259 131 171 254 8 170 164 304 475 148 368 606 246 202 407 383 393 531 205 589 71 213 305 574 334 235 379 206 363 322 106 291 219 271 119 313 561 124 365 184 269 78 460 86 500 541 10 539 183 523 371 271 387 290 105 511 149 176 36 490 283 252 91 587 397 91 530 466 163 463 412 442 327 180 603 390 14 582 623 541 98 662 500 164 262 143 361 16 43 571 467 265 639 347 249 267 566 78 332 161 150 390 326 5 636 554 252 376 3 582 525 399 328 372 182 635 626 5 321 469 450 106 38 591 543 105 642 127 385 214 154 468 24 396 281 353 48 306 363 262 563 265 556 501 316 105 340 469 432 351 587 120 441 43 286 238 475 192 75 293 108 569 265 313 628 183 144 619 188 178 175 380 205 304 198 214 659 411 441 550 285 281 418 15 81 279 140 297 595 565 206 646 498
346 233 13 208 47 625 335 303 236 340 562 149 77 164 491 276 166 460 119 613 352 360 130 27 511 405 189 450 690 473 563 184 667 615 61 149 603 480 368 230 344 453 393 184 380 567 319 388 258 270 112 353 656 635 483 39 393 525 356 306 328 150 555 392 578 493 560 261 545 350 47 208 417 354 624 107 582 192 223 683 472 136 691 430 267 686 647 295 332 580 472 230 596 167 676 269 490 13 437 291 198 31 203 422 250 418 632 501 33 90 464 197 554 402 483 574 367 77 397 452 410 606 293 102 362 81 482 362 331 219 354 637 313 247 346 338 415 604 479 175 48 337 99 614 511 98 299 370 678 237 147 130 654 61 444 152 185 114 422 301 447 569 71 341 102 116 59 608 45 557 406 646 338 261 447 32 96 206 429 284 230 563 298 92 651 86 449 177 263 499 400 563 100 160 41 581 562 144 556 405 487 189 650 554 602 589 59 629 671 555 198 386 553 165 218 644 484 358 387 571 401 3 81 671 608 547 178 12 276 624 191 230 230 116 34 519 0 348 127 98 528 45 272 492 505 388 150 339 604 646 110 410 517 138 646 15 296 445 343 515 438 10 426 277 158 172 101 397 43 458 605 209 454 503 550 433 303 515 157 409 273 602 140 12 215 219 429 175 207 68 206 660 516 72 388 636 292 481 560 674 478 426 455 463 480 41 445 114 47 143 200 511 244 540 29 619 38 497 285 662 88 341 584 72 387 545 41 244 178 426 421 374 688 131 11 558 385 530 602 500 532 355 28 0 309 294 512 537
350 23 375 402 332 201 147 539 660 273 659 411 347 235 468 501 78 211 375 526 104 665 157 394 409 318 454 119 50 626 539 157 558 33 633 642 346 279 554 272 187 50 60 605 54 550 198 407 614 343 451 350 518 434 635 65 212 381 157 418 475 89 669 165 686 65 10 250 149 695 313 332 599 394 672 604 492 348 164 571 292 698 421 28 470 94 451 691 305 271 514 593 235 140 579 50 540 549 313 418 573 504 10 8 589 350 180 490 626 352 563 658 551 225 21 457 563 663 282 128 100 546 427 593 676 575 336 30 265 694 632 564 587 448 290 18 305 92 653 436 424 452 261 141 526 301 123 609 445 478 345 313 576 268 31 299 306 492 439 207 142 73 470 358 344 217 448 541 488 471 350 265 168 153 558 252 107 408 76 528 687 232 373 381 684 366 207 598 591 496 202 328 57 655 240 133 231 11 388 470 333 256 475 60 175 295 595 627 366 108 111 647 358 115 589 491 572 342 589 538 105 384 628 7 333 455 0 698 593 426 592 241 120 452 67 153 247 277 531 280 200 142 657 130 323 120 448 301 60 233 221 148 56 127 257 390 165 385 680 692 675 585 441 571 436 407 493 418 149 312 94 163 327 197 319 579 680 219 618 406 400 86 37 369 133 202 657 622 548 217 603 317 436 609 376 334 631 573 193 170 228 698 665 144 342 459 394 527 454 499 188 441 571 109 406 621 667 383 431 95 47 657 443 604 329 468 656 592 682 478 189 630 608 454 516 587 65 396 490 589 424 480 548 303 583 409 233 109 68 20 532 698
350 196 76 383 135 666 478 625 122 22 560 66 425 235 656 456 434 144 680 251 194 127 594 458 127 127 518 576 303 486 53 405 462 599 120 634 8 659 292 279 368 519 322 523 100 411 662 130 562 536 578 573 463 249 462 670 212 282 574 220 267 436 324 426 374 226 362 7 613 214 457 589 457 452 11 544 561 8 684 116 418 487 176 605 391 292 440 219 224 637 696 131 30 190 418 561 511 173 28 224 676 692 175 439 266 393 176 695 668 170 415 482 107 43 317 355 118 88 510 610 362 571 345 175 282 24 386 497 486 151 470 232 627 134 87 405 135 525 25 409 340 200 544 106 615 299 321 558 692 482 110 646 440 249 157 633 177 287 554 661 255 476 318 487 56 182 45 85 423 63 467 88 270 94 447 159 602 430 348 373 665 16 327 595 309 26 596 41 482 314 191 7 636 574 151 247 216 691 68 138 332 561 667 595 514 617 454 359 171 201 643 175 117 179 514 284 151 669 495 119 209 378 202 53 154 102 356 370 92 68 158 413 106 120 659 394 407 182 53 203 395 237 214 424 333 281 651 348 286 404 690 131 225 563 691 283 205 68 255 254 256 216 405 519 355 277 220 348 329 602 194 168 619 604 419 619 290 536 303 148 327 330 289 540 500 480 31 11 146 319 396 342 418 143 631 573 316 111 346 556 199 362 113 241 11 129 108 357 517 423 369 140 438 687 560 697 679 89 529 427 122 153 271 406 330 62 658 494 72 612 387 416 682 574 563 183 195 272 457 621 411 540 88 439 299 635 138 689 344 571 579 82
358 119 550 455 99 534 233 278 112 231 87 427 523 201 625 110 260 670 113 93 475 48 190 428 63 380 181 245 506 235 156 471 166 519 122 677 565 547 217 353 574 255 157 158 31 245 251 477 643 296 578 141 417 666 447 265 11 362 567 92 687 622 573 5 28 558 118 591 430 531 142 617 712 21 254 515 358 540 223 184 417 707 463 13 679 227 464 352 591 563 129 354 322 604 528 17 498 68 700 700 432 391 182 545 407 86 544 232 589 393 207 702 516 56 384 393 202 254 129 495 637 116 311 358 381 520 146 498 203 490 302 263 688 647 280 511 232 401 514 568 66 574 435 65 264 594 445 240 674 128 512 476 323 395 137 375 494 486 365 518 48 10 98 218 313 513 127 693 285 442 499 634 121 266 445 121 32 315 164 96 237 322 110 233 486 116 632 81 25 187 336 657 388 482 546 385 563 173 442 218 655 230 370 683 88 145 112 442 597 411 132 275 233 132 589 694 526 332 29 286 138 43 315 531 568 277 417 335 391 130 330 686 229 297 514 158 612 612 201 272 402 114 617 312 218 569 110 153 537 429 565 122 386 454 327 647 446 171 288 15 217 572 477 31 479 234 384 64 224 201 479 37 199 573 430 418 359 657 169 145 367 376 703 401 240 349 492 408 88 22 290 509 666 525 316 102 416 502 679 84 627 365 269 500 677 539 474 576 599 486 687 502 622 605 575 515 628 446 388 550 483 165 25 557 399 309 456 465 54 504 209 591 398 151 528 24 619 25 309 125 139 295 388 648 53 51 144 576 404 425 77 149 307 149 101 19 632 69 509 412
358 190 350 309 542 411 702 423 136 48 610 118 639 513 407 618 148 607 162 159 670 673 264 536 244 131 543 398 552 433 610 568 597 392 313 545 350 24 642 530 134 49 453 268 76 601 352 704 7 636 599 441 92 158 62 597 590 498 421 554 171 648 463 557 398 273 99 104 176 500 152 245 156 215 44 636 533 54 306 703 82 568 92 637 375 455 494 220 608 454 544 386 510 496 545 627 473 83 522 484 132 517 598 643 406 303 712 363 26 13 669 347 660 699 406 350 393 62 397 361 420 58 205 411 554 692 432 311 521 91 461 497 343 376 35 636 624 72 65 378 514 319 86 535 370 321 332 171 551 71 24 25 90 495 678 478 159 400 572 429 45 35 692 493 679 507 366 284 399 281 574 501 649 232 573 625 32 573 490 291 582 177 150 385 545 258 0 1 24 633 447 218 64 554 543 204 148 104 100 357 172 1 692 692 204 671 295 10 48 309 373 563 640 631 8 613 437 521 369 670 281 269 622 498 290 499 614 597 279 225 571 558 226 688 374 497 398 480 544 373 253 418 553 0 419 608 302 258 378 662 260 345 95 546 68 39 345 291 100 199 611 709 136 558 222 108 689 344 233 405 249 167 353 603 701 614 141 668 295 236 588 220 420 520 208 692 414 511 568 105 26 569 664 345 24 143 43 441 122 600 139 212 161 585 308 398 327 381 264 473 713 508 593 333 93 372 167 435 698 526 579 332 574 477 671 478 361 351 534 350 373 188 105 482 464 306 256 14 360 619 606 651 208 597 158 15 149 131 625 34 186 357 696 297 320 654 684 50 176 229
358 306 351 190 282 514 264 219 336 11 472 259 193 354 263 70 429 675 480 615 445 189 708 645 552 524 633 576 660 243 648 668 294 638 482 110 334 378 695 234 564 223 474 424 288 570 165 167 651 26 405 223 171 220 120 690 386 8 270 401 55 608 712 529 455 93 539 21 269 595 282 100 412 473 621 470 52 219 327 137 526 634 145 286 82 553 311 640 435 349 417 158 545 221 221 344 276 477 36 21 102 146 204 670 663 29 624 641 533 212 241 545 500 713 679 663 485 675 37 257 491 538 691 567 49 656 567 567 32 212 530 497 579 99 29 452 367 69 100 183 280 567 159 259 84 27 610 491 327 41 385 617 710 321 281 359 129 323 207 440 313 158 582 681 20 320 626 23 361 669 362 56 597 603 235 231 229 24 450 638 105 643 584 229 423 20 191 696 457 3 407 643 624 623 592 617 63 617 300 596 264 447 86 90 263 557 570 179 399 222 453 605 711 30 6 171 197 548 153 147 239 592 691 368 24 77 303 593 491 121 593 445 241 67 695 385 264 181 16 212 107 323 523 274 89 405 605 374 174 656 180 237 591 81 266 672 535 715 378 81 309 324 639 365 154 335 186 493 581 650 74 681 255 431 627 685 706 401 303 193 582 207 105 190 241 633 322 684 653 542 103 36 182 358 175 454 607 219 561 365 530 390 713 258 45 613 76 557 434 300 337 75 367 382 373 178 364 332 83 94 439 623 540 622 139 676 374 320 559 31 666 206 659 180 166 327 184 654 594 106 267 45 683 113 514 287 137 53 245 699 339 572 555 620 347 102 617 99 433 63
362 140 685 102 260 217 545 513 642 15 359 183 476 266 26 391 512 496 412 127 365 548 198 497 515 528 338 339 328 467 159 230 11 554 108 398 502 153 287 73 560 699 679 268 241 513 448 474 9 174 685 650 663 139 503 260 483 186 104 207 204 627 561 554 24 601 572 215 451 76 686 256 403 330 420 713 635 207 302 391 185 647 269 462 693 531 588 7 518 438 320 34 132 130 592 610 654 528 22 69 544 389 545 206 652 139 446 8 185 667 96 327 404 622 640 419 304 38 496 313 457 384 314 285 26 381 212 52 485 687 265 544 665 18 402 27 29 425 440 575 287 150 332 419 552 237 419 240 153 593 677 230 214 507 448 656 390 709 448 601 287 266 644 322 152 230 518 215 666 702 494 361 654 674 38 127 526 285 694 343 561 30 617 399 209 662 101 270 532 569 74 129 406 21 15 212 353 30 636 722 206 630 7 120 329 372 719 488 334 563 45 114 524 382 471 574 599 470 186 16 580 453 169 655 709 608 421 640 515 82 216 382 146 502 614 477 194 659 449 450 5 368 215 539 335 434 208 540 96 235 333 79 201 632 448 601 282 536 372 508 228 298 60 101 538 194 705 594 312 56 27 588 7 20 210 351 495 606 173 527 194 645 497 78 707 706 10 424 28 676 430 719 367 637 696 707 298 232 171 539 196 686 176 0 498 388 328 155 335 371 199 633 195 70 458 153 390 612 713 113 638 360 496 93 75 175 350 139 309 504 324 74 432 278 220 45 28 69 584 250 639 541 667 63 702 9 301 113 457 330 228 522 55 655 446 217 549 139 68 525 29 360 61 13
362 98 168 30 525 180 474 22 575 585 168 633 445 75 378 561 324 403 120 690 501 296 486 77 430 123 81 158 410 210 22 670 622 137 244 588 690 499 274 352 188 495 41 88 404 549 441 371 707 344 403 55 137 296 261 448 120 633 608 294 409 46 679 45 623 357 256 283 458 699 663 181 224 104 378 410 83 572 252 642 692 721 715 29 424 205 279 657 335 406 379 512 230 461 383 149 366 236 594 107 302 304 672 713 469 314 616 483 412 184 316 444 692 372 493 708 675 389 84 48 145 304 422 32 671 206 567 535 5 182 528 259 603 417 28 188 251 145 467 271 240 72 397 302 338 94 58 148 335 467 623 165 417 8 196 287 198 681 541 594 412 158 280 484 674 519 590 562 607 566 435 280 199 438 526 347 441 621 508 317 70 211 705 184 717 706 407 675 384 281 519 670 612 389 33 458 709 630 233 475 376 413 306 366 692 560 319 364 579 511 196 713 160 70 381 204 197 698 705 469 94 207 373 711 53 396 231 406 580 622 668 302 102 370 314 609 508 365 689 661 719 618 485 32 323 384 306 358 189 345 651 702 493 626 426 265 687 51 433 511 425 483 446 617 669 137 213 556 698 540 163 423 581 480 700 357 310 9 300 8 504 545 361 382 602 655 545 620 508 309 646 454 566 86 157 19 319 120 369 126 593 174 623 366 288 598 218 286 248 499 362 233 32 507 326 657 392 46 362 228 43 651 128 323 99 41 682 537 206 685 129 161 511 55 99 168 305 249 707 472 299 155 21 409 202 452 210 664 603 180 578 706 468 486 533 461 360 596 683 575 466 479 52 680
370 84 627 39 685 732 15 526 484 375 371 246 697 31 560 733 163 726 305 155 689 718 539 551 2 158 550 273 143 607 456 341 383 406 326 407 410 86 356 684 614 390 652 649 358 22 108 414 736 314 61 36 204 284 232 444 239 703 53 667 38 9 506 625 461 486 302 509 558 323 179 295 399 253 442 307 259 456 442 71 82 384 616 391 557 440 717 339 168 548 694 186 490 148 477 515 193 348 52 4 431 71 569 478 501 629 59 534 597 86 443 430 172 137 23 11 37 331 584 278 642 701 710 67 383 93 326 542 135 546 144 310 478 634 430 153 198 549 719 124 108 572 659 520 105 518 694 137 369 46 218 533 100 662 433 122 384 720 104 527 76 276 662 362 386 294 514 521 379 349 615 717 332 351 695 73 710 601 262 219 371 235 393 702 151 609 207 125 162 31 33 296 98 404 321 212 345 396 17 626 373 439 622 538 625 699 566 625 685 438 498 176 703 681 665 422 416 8 70 186 322 42 402 203 441 485 521 31 634 150 1 573 643 323 571 515 35 104 241 150 156 25 18 146 85 470 620 178 145 110 93 693 627 144 249 167 60 77 614 734 376 143 548 490 571 671 411 430 406 569 607 718 489 59 655 80 489 601 191 295 163 235 524 108 562 325 328 438 448 9 358 545 0 214 17 345 731 350 723 588 603 661 387 684 468 103 78 69 692 533 731 650 257 228 381 360 486 453 688 724 260 150 186 7 409 451 7 297 604 249 342 259 124 276 126 230 697 161 678 725 140 409 399 340 528 161 544 323 364 302 62 508 641 542 737 650 148 285 738 458 419 574 231 66 562 587 645 500 488 394 127 243
370 170 169 646 272 160 493 519 475 594 157 225 648 34 147 29 458 688 540 565 100 497 433 356 116 355 676 407 564 512 182 677 690 671 175 28 635 173 62 71 710 707 707 95 151 257 384 487 467 304 558 716 48 29 369 28 572 496 8 522 732 670 284 457 561 102 430 104 374 617 322 103 287 655 558 475 665 474 162 458 246 290 347 339 351 325 632 245 645 624 273 639 149 700 126 691 518 499 581 266 250 478 694 170 728 27 235 26 478 403 312 50 321 548 579 280 208 615 468 420 490 519 250 302 173 119 446 284 5 196 605 26 150 724 309 60 511 90 429 43 405 316 186 444 264 212 216 594 312 89 103 427 733 487 49 445 720 111 729 570 534 666 555 519 355 613 213 604 136 28 389 391 100 438 50 372 354 666 280 321 695 157 248 557 193 120 534 14 460 354 209 54 550 23 315 213 51 675 239 596 127 394 325 672 663 316 15 391 135 733 23 81 264 300 298 111 644 728 209 230 241 8 278 600 654 266 411 612 280 316 699 215 707 422 218 2 615 676 536 224 231 307 151 544 330 324 392 386 45 8 406 156 671 203 153 80 58 588 604 371 104 454 496 632 590 87 556 259 62 394 311 12 310 645 21 599 204 655 39 691 294 494 454 733 722 674 541 586 343 215 535 445 416 288 515 35 385 497 634 636 441 54 357 84 91 211 625 448 376 331 649 638 344 633 491 235 382 588 467 498 156 359 368 61 479 68 729 599 393 469 338 187 631 351 68 282 574 20 290 626 286 12 490 317 472 515 101 96 25 672 140 707 154 257 361 555 79 646 63 517 247 46 444 334 311 447 29 282 502 687 227 133
370 6 364 13 318 426 83 75 85 64 735 572 727 246 719 108 296 388 630 487 307 722 256 91 219 50 623 461 124 303 163 714 107 269 610 167 19 358 353 636 193 650 472 87 542 460 575 162 485 52 323 81 400 117 548 592 54 20 613 462 283 585 147 712 238 559 66 520 143 662 15 499 718 534 558 357 290 350 621 173 468 262 176 196 464 288 465 686 470 169 310 374 643 625 521 540 618 509 283 698 121 507 46 323 4 666 347 251 661 28 556 500 346 522 282 246 136 278 619 735 689 669 494 609 668 395 493 283 150 581 259 477 132 421 573 372 87 509 440 244 215 147 87 217 705 225 405 390 361 448 338 91 669 38 308 205 64 375 128 213 529 721 707 72 731 7 127 77 444 369 527 358 672 301 702 418 52 713 529 559 196 300 104 468 74 488 144 254 281 519 291 574 657 685 395 430 623 612 340 619 12 453 83 5 295 622 363 601 732 634 278 408 496 633 699 698 76 137 330 225 77 567 229 553 164 420 36 150 103 455 108 474 248 722 512 51 639 97 573 236 51 273 473 717 555 397 506 98 48 114 387 261 419 576 200 296 199 529 526 293 245 262 442 340 696 177 159 431 142 739 192 564 564 568 350 88 609 687 250 547 602 192 644 726 43 336 259 227 142 662 296 117 374 26 32 522 471 239 39 559 158 139 422 486 548 208 78 515 19 294 268 447 173 719 84 63 735 66 457 341 725 8 531 482 679 421 288 545 654 319 443 341 581 672 691 209 254 265 153 265 178 534 719 388 282 151 438 472 717 154 286 715 157 717 454 582 729 442 309 227 584 525 688 582 574 377 394 428 67 732 466 594
378 260 634 85 726 469 511 282 641 564 669 4 319 701 533 710 402 534 255 102 441 635 329 217 100 357 707 617 154 306 19 667 426 351 617 92 118 570 462 455 685 406 434 604 736 12 530 623 220 414 466 287 496 598 294 293 653 74 223 168 337 163 35 20 28 197 56 216 251 257 188 326 699 225 348 28 468 536 607 554 694 692 449 2 452 623 711 227 415 87 681 472 260 665 110 251 728 528 203 84 555 431 637 488 644 379 731 287 279 677 241 507 457 693 134 233 56 530 423 116 549 376 550 730 727 740 481 638 267 565 634 544 63 94 151 126 714 73 588 195 24 582 591 438 4 704 720 338 219 545 616 344 327 104 163 343 533 441 565 644 29 662 349 362 538 689 657 624 209 571 45 205 326 268 613 545 28 200 239 6 107 623 294 419 426 499 386 40 187 421 626 488 575 284 614 280 117 666 363 13 427 277 20 108 235 326 128 550 208 627 172 37 307 680 419 185 230 490 215 287 179 601 322 267 373 590 561 630 36 415 293 313 525 744 24 376 291 739 292 82 660 370 713 393 616 471 342 10 27 335 273 599 425 147 362 383 289 514 242 585 428 124 557 564 553 596 556 255 754 171 719 719 65 22 327 647 667 195 269 498 740 711 227 698 179 554 626 375 518 289 499 185 273 422 690 88 298 601 82 164 50 658 127 169 168 111 701 33 742 90 52 169 544 151 173 42 21 381 525 38 496 117 20 98 351 260 47 536 391 719 75 167 427 518 210 646 345 143 367 672 624 566 132 68 96 233 177 733 541 199 508 372 560 71 302 143 104 689 672 180 520 0 662 386 172 637 185 753 99 416 523 558 444 7 322 601 349 257 381 724
382 83 431 670 219 388 460 155 569 176 750 40 515 391 567 254 503 287 453 201 175 428 635 492 516 83 624 30 381 670 217 754 745 441 596 273 52 250 169 523 701 243 599 167 317 332 211 552 152 55 675 539 309 306 85 63 447 519 589 233 606 196 552 508 126 676 238 670 719 111 98 419 689 75 125 597 122 68 99 586 503 325 419 751 46 6 755 756 241 97 150 533 76 222 591 176 131 226 653 276 547 704 461 176 635 388 613 33 400 56 391 1 360 330 171 510 487 757 512 20 680 92 215 177 72 425 252 471 465 297 531 423 555 388 683 609 261 692 757 249 746 90 146 753 138 470 422 342 465 726 52 37 495 586 598 512 593 417 617 495 749 758 737 44 741 456 445 488 333 374 80 383 742 309 400 491 51 563 94 757 353 726 503 580 656 385 389 160 621 338 159 636 118 350 508 17 377 286 367 754 632 439 584 155 527 475 492 589 750 687 401 632 161 568 634 542 61 318 325 272 194 207 25 443 751 234 466 180 464 189 552 74 366 112 153 608 170 741 519 490 332 582 184 583 547 664 389 302 749 681 574 339 242 669 608 192 544 573 418 749 60 572 574 465 31 338 743 40 228 609 116 618 323 44 235 612 186 591 462 264 606 530 26 435 364 615 93 704 559 478 663 299 244 530 146 272 585 252 675 24 329 567 27 750 542 118 706 455 85 14 242 476 611 486 757 356 65 88 163 304 277 204 48 41 565 680 346 164 602 651 246 62 16 472 167 9 269 269 328 55 430 137 418 522 658 45 753 58 600 3 367 89 269 260 332 369 329 549 24 31 265 85 54 354 108 256 235 490 758 119 247 295 532 681 87 490 588 70 151 325 351 101 499 264
382 210 670 155 238 401 699 749 324 78 237 655 354 100 549 511 425 6 217 743 685 351 228 217 36 88 108 280 638 62 9 536 593 19 28 733 486 421 127 668 581 292 361 237 247 746 268 555 733 221 218 203 365 732 57 541 229 652 185 597 73 443 375 427 435 38 746 0 665 389 713 135 608 34 294 142 419 499 571 210 225 595 159 494 699 164 681 584 439 89 43 711 105 174 581 582 760 29 657 235 537 702 626 591 399 197 572 298 526 688 754 52 165 118 626 686 256 61 179 185 749 118 154 385 494 121 141 201 399 396 438 583 718 634 758 119 271 159 491 711 167 643 356 133 622 244 605 479 449 283 184 279 122 469 277 387 222 380 715 579 486 674 669 698 669 546 105 642 78 103 27 13 312 371 201 666 135 728 736 219 515 183 564 184 247 319 218 654 318 218 364 757 528 580 199 133 638 672 121 567 339 753 440 612 412 247 125 268 759 270 556 521 558 654 530 629 222 232 492 537 572 692 163 341 106 711 86 320 510 654 671 140 758 102 23 176 79 263 191 533 42 482 410 301 45 740 135 21 397 533 133 601 622 249 557 469 400 739 659 113 422 38 178 478 18 134 150 240 95 750 754 426 291 482 312 178 123 759 384 482 219 143 410 532 115 266 153 84 159 425 119 472 685 139 450 364 542 614 361 314 536 270 659 55 261 636 204 106 161 47 692 744 266 732 262 724 327 20 47 513 265 501 199 446 362 694 282 492 423 410 556 135 736 344 262 269 154 741 371 706 183 743 235 566 735 370 497 538 121 307 366 472 381 239 87 80 734 674 594 609 245 584 565 438 557 201 734 337 430 450 541 261 429 88 690 177 700 249 680 208 450 294 718 724
390 242 592 442 238 211 180 168 754 650 472 543 285 557 465 94 343 176 431 189 475 139 318 475 224 291 86 556 162 361 343 69 185 156 611 9 733 767 255 569 708 370 255 47 249 769 93 307 106 764 564 457 284 28 271 34 688 438 705 90 296 655 722 379 30 79 568 69 682 168 224 696 142 662 240 218 735 691 337 192 480 647 315 779 402 286 59 609 719 775 209 699 434 382 497 179 9 322 212 93 722 531 158 124 312 727 396 692 164 35 483 172 559 718 223 436 702 215 46 73 418 331 428 544 396 480 16 656 729 492 497 539 265 779 549 731 243 310 379 729 138 61 385 305 504 610 7 230 424 388 660 471 119 276 54 400 212 87 422 549 252 42 314 497 279 595 186 750 191 670 716 575 183 767 408 292 268 120 132 530 169 487 768 648 100 752 499 543 235 493 518 114 474 192 450 563 363 669 224 167 564 142 746 770 53 379 645 256 666 447 744 427 639 660 528 116 648 356 742 132 40 684 557 315 60 33 9 483 121 209 197 362 42 327 292 210 0 178 247 29 316 368 647 705 138 126 300 312 269 291 207 217 766 778 411 229 713 563 68 732 324 185 451 732 444 26 414 366 306 501 554 368 218 733 221 277 670 324 200 13 21 579 586 176 633 528 599 369 707 416 428 483 623 125 48 7 266 728 732 232 0 125 426 296 224 407 307 720 481 236 740 106 700 265 16 513 398 104 555 747 42 588 50 382 559 566 145 714 76 55 593 536 147 568 560 159 293 284 153 68 471 384 464 453 617 251 575 317 700 6 663 128 44 650 173 707 209 399 55 102 226 259 537 143 648 525 136 666 33 466 459 464 10 770 533 729 377 744 348 558 167 223 666 17 640 471 278 546 613 152 309 476
394 336 295 271 272 306 676 479 280 369 122 107 777 510 334 104 81 293 561 330 347 483 8 452 40 327 723 117 748 415 205 650 349 358 723 641 511 120 509 13 402 74 729 272 506 314 441 52 410 387 194 725 597 87 328 6 123 488 30 141 56 518 486 533 336 440 738 65 194 312 62 531 513 631 599 286 270 56 477 563 233 659 39 425 131 22 694 578 413 196 697 600 452 249 84 201 423 122 335 547 660 753 432 111 327 469 296 318 659 397 1 701 463 539 780 25 272 89 680 46 482 787 258 311 434 31 80 152 450 656 587 363 301 709 426 138 223 464 206 578 517 28 586 553 256 215 759 586 414 88 430 200 172 144 44 544 349 551 611 439 737 46 728 658 784 425 36 628 458 328 570 55 105 325 757 753 763 153 470 200 679 504 502 462 776 703 40 699 114 523 533 761 489 137 150 755 353 588 750 577 423 98 78 109 741 677 610 449 227 702 771 194 65 708 780 542 729 396 5 665 514 60 698 689 578 524 362 599 783 695 716 552 578 243 735 357 643 402 134 202 646 322 524 785 18 648 54 71 53 648 303 534 303 244 84 117 21 18 39 148 276 167 756 387 471 544 200 684 628 257 519 593 551 41 121 307 569 151 363 392 497 189 433 126 265 433 489 404 244 645 456 476 348 28 128 155 698 599 557 58 234 193 201 598 79 209 738 302 287 384 180 463 199 269 603 174 603 526 68 522 502 691 423 738 593 177 767 547 27 480 230 387 163 712 461 156 563 552 259 416 70 132 152 401 582 672 76 234 534 726 663 501 275 19 347 732 756 151 723 109 31 614 126 4 717 245 26 29 619 26 574 101 47 101 440 420 646 170 294 337 76 115 596 406 661 406 620 57 542 90 625 395 399 209 267 751
398 2 658 414 184 681 504 357 560 168 209 144 220 575 43 423 175 479 431 783 100 688 22 640 575 629 359 327 357 588 622 699 451 401 89 656 227 767 90 289 64 486 603 352 253 599 251 476 691 638 759 552 227 704 529 11 472 354 235 706 728 111 347 84 293 274 279 42 241 339 723 434 519 24 642 636 320 428 128 323 395 294 156 504 51 720 156 336 768 431 94 141 545 299 564 408 579 107 66 55 632 185 464 353 237 687 242 416 622 605 51 34 337 542 351 4 233 554 246 505 459 758 65 54 455 551 742 240 560 16 424 580 50 435 7 405 54 349 502 433 138 487 376 791 246 634 259 360 513 281 175 235 689 84 267 545 224 653 518 527 121 46 633 216 290 635 253 510 213 312 515 302 94 521 328 635 784 108 380 234 658 601 81 466 473 772 136 710 692 717 295 481 6 708 391 340 30 66 781 401 409 469 11 209 634 641 625 142 469 182 72 531 49 93 491 703 672 40 473 386 165 220 536 703 376 517 230 460 774 197 528 666 384 549 721 712 463 98 201 332 751 410 651 24 716 5 8 555 167 194 757 482 267 629 782 525 359 540 43 670 508 549 636 443 362 422 744 247 128 281 383 669 540 249 508 418 702 678 643 26 6 433 715 220 712 478 237 32 332 688 744 761 617 766 110 238 574 328 236 602 6 470 241 62 398 786 755 634 290 288 551 446 393 55 207 781 295 776 756 259 638 47 414 572 789 394 630 30 443 328 75 318 197 751 90 541 588 457 232 126 84 580 687 542 702 256 248 262 487 755 169 783 633 518 114 777 642 217 528 157 776 145 402 460 395 600 77 203 334 127 394 238 115 354 196 348 758 168 238 231 101 96 101 670 564 179 377 675 386 739 393 215 600 410 586 314 177 341 454 590
406 357 450 439 686 784 735 623 328 776 687 328 586 182 310 647 401 495 460 189 238 161 643 739 449 313 354 754 579 610 48 355 280 522 724 511 557 84 347 141 321 22 64 406 397 396 788 418 670 265 777 453 346 424 603 293 155 422 601 770 247 465 698 285 261 9 688 71 200 494 544 78 37 133 88 102 293 141 238 388 804 269 97 765 152 199 61 247 327 77 101 734 803 406 660 353 568 195 9 668 767 374 43 527 571 795 527 660 555 360 400 733 693 8 162 775 343 442 398 321 408 602 137 102 365 274 378 421 120 598 398 440 321 224 449 615 176 719 403 236 707 422 767 479 666 215 99 173 244 542 761 720 77 316 359 551 339 670 631 679 321 165 691 305 256 210 0 133 463 166 258 476 218 48 407 696 277 295 335 489 161 572 460 65 299 305 187 421 794 153 36 436 116 287 147 238 510 227 432 241 96 733 721 377 359 17 81 720 724 372 227 758 321 81 590 219 490 480 397 26 740 274 456 647 747 329 257 718 655 264 118 396 160 625 286 480 631 422 362 774 542 704 284 567 396 810 395 420 436 107 491 306 266 150 461 148 297 810 463 464 211 156 725 23 614 661 183 176 291 435 99 509 686 769 70 219 279 619 365 74 178 444 384 39 75 90 68 233 143 331 384 110 70 328 478 632 301 596 798 612 744 567 315 423 709 732 755 326 427 171 624 374 129 326 240 116 707 174 50 729 151 15 620 731 627 807 751 322 486 595 635 621 572 171 748 446 759 537 634 596 372 147 39 220 249 137 108 377 515 330 729 471 472 663 270 197 134 2 155 59 402 28 611 140 527 683 443 703 521 62 352 431 643 607 518 72 8 707 304 768 527 539 124 351 6 185 500 788 104 455 775 72 593 631 702 633 285 716 508 455 791 689 563 74 257 68 282 89
406 6 222 186 158 277 227 632 355 9 450 259 251 603 754 278 525 274 591 654 660 332 550 414 282 653 16 66 380 635 507 700 72 426 324 755 693 740 571 104 707 96 594 150 733 782 198 797 548 407 95 321 763 706 356 559 200 328 779 103 385 370 552 720 240 568 144 279 490 786 289 357 594 796 796 303 623 754 556 87 671 639 553 629 70 291 521 689 774 7 293 598 793 53 591 805 287 453 279 224 309 608 533 327 502 104 565 738 186 416 103 232 558 614 84 266 711 112 775 719 303 624 382 244 105 293 599 614 421 39 513 777 494 810 768 50 238 149 107 247 775 341 522 681 420 154 671 791 111 505 787 388 519 684 323 276 320 246 553 476 123 108 668 757 423 297 507 517 566 477 236 55 1 506 80 201 254 413 571 526 611 429 101 604 70 401 251 579 276 250 538 526 249 382 455 792 553 500 703 483 711 487 256 746 67 356 644 164 768 745 448 505 138 438 343 372 681 186 769 318 184 747 570 575 309 573 333 211 779 311 656 401 116 9 764 218 746 16 341 620 188 121 45 431 247 41 352 201 334 471 742 114 414 793 490 645 675 99 387 331 599 514 712 52 659 647 392 69 606 270 768 251 325 384 458 266 25 486 321 156 460 92 66 530 421 235 448 57 748 433 27 649 258 203 288 337 557 110 450 464 636 217 426 683 136 390 599 480 589 413 650 418 478 672 164 107 322 492 434 641 448 283 487 154 448 98 49 531 534 341 694 651 222 211 286 575 316 356 810 277 614 787 427 32 775 693 316 387 763 11 63 357 776 250 126 285 728 278 91 753 163 642 776 504 678 5 255 695 488 558 331 585 317 512 314 25 545 412 625 537 494 194 128 205 775 700 797 147 298 113 750 468 765 416 455 586 100 494 51 700 663 385 225 285 379 188 533 147
