int 10 (17 56) (52 26) (62 14) (47 65) (64 55) (62 79) (21 81) (25 24) (25 29) (57 60)
double 11 (4.73 4.83) (3.29 6.12) (5.21 8.12) (0.65 9.72) (5.49 2.35) (3.98 9.38) (4.4 9.07) (4.73 7.44) (0.98 1.03) (1.77 1.39) (1.29 0.7)
bool 12 (0 1) (1 1) (1 1) (0 0) (0 1) (0 1) (1 1) (1 0) (0 0) (1 1) (0 0) (1 1)
double 13 (5.48 5.12) (9.76 6.83) (8.01 8.76) (3.56 2.36) (7.8 0.15) (7.37 9.08) (9.96 3.33) (5.76 8.6) (4.73 9.99) (9.71 0.01) (9.97 3.5) (0.85 1.17) (8.09 8.65)
double 14 (0.42 1.9) (8.92 4.88) (5.18 9.11) (1.91 1.38) (4.37 2.86) (4.13 7.09) (3.05 7.77) (4.46 4.56) (7.67 8.89) (7.28 4.07) (8.39 1.7) (7.71 2.51) (4.35 0.83) (1.29 2)
double 15 (4.58 4.86) (9.34 3.77) (7.02 4.32) (9.41 9.57) (6.68 3.5) (2.38 8.29) (5.88 2.97) (2.5 6.99) (0.34 8.36) (5.84 8.67) (7.38 5.91) (0.35 9.35) (9.52 4.36) (1.19 3.13) (7.51 3.6)
double 16 (9.5 8.13) (6.75 1.1) (7.5 5.7) (3.59 0.28) (8.67 5.32) (8.88 5.97) (4.94 6.95) (9.92 1.01) (2.9 9.54) (8.94 8.05) (9.8 9.28) (9.84 1.42) (7.92 7.41) (1.69 5.57) (2.99 0.59) (8.17 7.27)
int 16 (31 9) (90 95) (11 76) (6 93) (30 79) (2 85) (95 68) (97 26) (58 6) (4 66) (94 69) (45 2) (70 14) (52 54) (27 65) (51 91)
char 19 (n e) (h p) (t n) (g f) (l s) (j k) (j h) (m o) (e k) (n l) (i e) (s i) (h c) (s q) (p r) (m r) (j k) (a l) (h b)
char 20 (c d) (c b) (m h) (h i) (h n) (m b) (d m) (h k) (f k) (t d) (f o) (r s) (n a) (o l) (r t) (f n) (m t) (j s) (k s) (j r)
bool 21 (1 0) (1 0) (0 0) (0 1) (0 0) (0 0) (0 1) (1 1) (0 0) (0 1) (0 0) (0 0) (1 1) (0 1) (1 0) (0 1) (0 1) (1 0) (0 1) (0 0) (0 0)
bool 21 (1 1) (1 0) (1 1) (1 1) (1 1) (0 1) (1 1) (1 1) (0 0) (0 1) (1 1) (0 0) (0 1) (0 1) (1 0) (0 0) (0 0) (1 0) (1 0) (1 0) (1 1)
int 22 (75 21) (36 40) (65 91) (59 62) (70 78) (82 60) (80 81) (62 35) (98 78) (44 30) (32 56) (38 26) (67 63) (18 71) (12 51) (28 43) (59 98) (7 75) (77 40) (2 37) (47 92) (56 86)
bool 23 (1 0) (1 0) (0 1) (0 1) (1 1) (1 0) (1 1) (0 1) (1 1) (0 1) (1 0) (0 0) (1 1) (0 0) (0 0) (0 1) (1 0) (1 0) (0 1) (0 0) (1 0) (0 1) (0 1)
bool 24 (0 1) (1 1) (1 1) (0 0) (1 0) (0 0) (1 0) (1 1) (1 1) (0 1) (1 1) (1 0) (1 0) (0 1) (0 0) (1 0) (1 1) (0 0) (0 0) (1 1) (1 1) (1 0) (0 0) (0 1)
int 24 (60 37) (99 21) (36 76) (16 64) (41 99) (84 60) (96 91) (29 94) (28 91) (74 49) (81 70) (51 48) (98 70) (98 34) (89 2) (68 9) (43 21) (47 60) (80 75) (38 80) (24 29) (49 28) (26 8) (2 8)
char 26 (g i) (a p) (q r) (l b) (e d) (e d) (d t) (a n) (t h) (f a) (a f) (c k) (d m) (k h) (e d) (c o) (h g) (q m) (g q) (s q) (e t) (o i) (o s) (c g) (c q) (e l)
bool 26 (0 0) (0 1) (1 0) (1 1) (1 1) (1 1) (1 1) (0 0) (0 1) (1 1) (0 0) (1 1) (1 1) (0 0) (0 1) (1 1) (1 1) (0 1) (0 0) (1 0) (0 1) (0 0) (0 1) (1 1) (0 1) (1 1)
int 29 (7 36) (43 86) (89 82) (76 58) (76 53) (47 53) (83 24) (44 62) (80 3) (18 39) (73 64) (25 47) (57 48) (82 56) (99 44) (2 24) (3 82) (31 59) (86 19) (64 5) (28 83) (99 72) (34 31) (93 9) (80 3) (91 23) (13 89) (17 53) (64 74)
double 31 (2.01 1.29) (6.61 0.36) (3.8 2.55) (6.97 1.03) (4.36 9.2) (4.98 6.87) (1.7 1.19) (5.06 6.12) (5.76 7.44) (2.34 9.69) (5.43 9.07) (2.82 2.53) (1.93 7.31) (9.91 0.39) (7.62 5.39) (5.95 4.18) (8.19 0.55) (8.18 4.82) (9.9 1.96) (5.2 6.11) (2.52 9.39) (3.03 2.66) (0.85 1.08) (5.61 0.52) (9.43 0.69) (8.12 9.54) (5.41 9.7) (6.64 8.04) (5.43 4.37) (4.29 0.24) (9.68 9.41)
double 32 (8.91 0.07) (2.96 7.62) (5.21 9.09) (9.58 3.37) (6.52 8.55) (1.93 9.93) (2.05 4) (5.4 6.84) (2.14 7.08) (4.88 3.88) (5.47 0.4) (2.04 7.5) (9.61 6.41) (4.37 8.13) (5.43 0.31) (0.83 3.94) (7.63 2.12) (2.99 0.04) (9.72 0.23) (0.39 1.55) (6.39 8.24) (7.25 0.97) (3.14 4.25) (1.17 0.39) (8.43 1.28) (1.37 9.26) (4.52 9.4) (4.72 6.26) (9.68 9.77) (5.32 6.05) (6.28 3.1) (1.99 9.84)
int 33 (30 72) (97 83) (88 99) (48 6) (22 69) (14 75) (15 70) (49 92) (20 10) (79 71) (15 36) (64 60) (56 67) (56 78) (95 12) (50 98) (65 96) (54 36) (49 58) (97 21) (82 19) (10 1) (89 7) (9 46) (67 85) (15 39) (54 49) (61 6) (49 90) (11 94) (25 28) (56 28) (69 39)
bool 34 (0 1) (1 0) (0 0) (1 0) (1 1) (0 1) (1 0) (1 0) (0 0) (0 1) (0 1) (1 1) (0 1) (1 0) (0 1) (1 0) (1 0) (1 0) (0 0) (0 1) (1 0) (1 1) (1 0) (0 1) (1 0) (1 0) (1 0) (1 0) (0 1) (0 1) (1 1) (1 1) (1 1) (0 1)
double 35 (0.65 2.08) (8.96 3.6) (3.49 3.24) (6.29 3.36) (0.76 4.86) (0.42 2.89) (0.38 5.22) (9.57 4.94) (0.94 7.18) (2.18 4.09) (7.37 4.39) (0.21 3.21) (5.55 9.71) (5.55 7.86) (5.67 9.84) (5.74 2.07) (2.96 0.49) (8.7 5.49) (8.88 2.69) (8.33 9.48) (4.36 9.54) (0.46 3.81) (2.44 9.76) (7.49 1.6) (9.14 3.33) (6.46 2.03) (9.86 9.44) (3.24 3.64) (7.14 6.78) (5.77 2.27) (4.58 4.82) (7.83 4.46) (0.37 1.27) (8.43 1.25) (0.29 4.43)
double 36 (3.8 5.35) (3.02 8.97) (2.86 7.22) (9.69 4.68) (0.71 0.17) (4.62 2.52) (6 9.05) (8.39 4.6) (1.72 9.57) (4.77 0.12) (2.93 2.53) (4.39 5.96) (6.84 6.28) (4.8 7.37) (5.04 5.67) (0.39 7.89) (1.8 6.15) (4.93 6.21) (1.33 2.04) (2.14 4.91) (2.28 3.67) (3.54 5.56) (2.06 1.91) (9.21 7.25) (9.41 5.46) (9.72 5.5) (1.16 4.84) (8.64 5.93) (1.41 8.8) (2.76 9.7) (0.02 5.27) (6.17 5.78) (9.68 2.91) (4.53 2.67) (2.69 8.62) (6.61 3.23)
char 37 (g r) (p p) (b b) (p b) (s t) (o o) (p e) (n t) (q a) (o d) (s o) (m p) (f i) (e g) (s f) (h g) (b i) (o c) (m c) (b t) (b k) (f i) (m h) (j p) (o k) (i t) (f h) (j d) (h r) (j p) (a h) (f h) (s m) (c c) (h m) (f q) (n c)
bool 38 (0 1) (0 0) (1 0) (1 1) (1 0) (1 1) (1 0) (1 0) (0 1) (0 1) (1 0) (0 0) (1 0) (1 1) (1 0) (0 1) (0 0) (1 1) (1 1) (1 1) (1 0) (0 0) (0 1) (0 0) (1 1) (1 1) (0 0) (1 1) (0 0) (1 1) (1 1) (1 0) (0 0) (1 0) (1 0) (1 0) (0 1) (0 0)
bool 40 (0 1) (1 0) (1 1) (1 0) (1 0) (1 0) (1 0) (1 1) (1 0) (0 1) (1 0) (1 1) (0 1) (0 0) (1 1) (0 1) (0 1) (1 0) (1 1) (1 0) (0 1) (1 0) (0 1) (1 1) (1 0) (0 1) (1 0) (1 0) (0 0) (1 1) (0 0) (0 1) (0 0) (0 0) (1 1) (1 0) (0 1) (1 1) (1 0) (1 1)
double 41 (4.36 7.51) (0.9 0.49) (3.93 3.73) (3.52 5.8) (5.73 9.14) (0.32 6.22) (8.32 4.19) (7.06 8.3) (9.08 3.69) (8.82 4.37) (4.06 1.45) (5.1 1.51) (2.29 1.16) (4.24 7.27) (6.18 4.46) (0.65 7.76) (6.73 8.97) (7.06 4.12) (9.75 2.65) (1.43 7.79) (9.82 4.08) (2.62 0.18) (7.73 4.8) (4.1 4.26) (9.56 4.72) (4.37 0.12) (8.22 9.02) (4.91 2.47) (8.97 8.79) (5.45 5.17) (0.84 3.74) (4.82 4.97) (6.45 2.81) (6.35 3.97) (5.42 8.45) (1.36 2.86) (5.07 8.93) (0.58 5.9) (5.15 5.41) (0.15 8.52) (4.04 9.49)
char 43 (b r) (t n) (q t) (l o) (e h) (p r) (c p) (m p) (r k) (p s) (l q) (p j) (b l) (m r) (m l) (b p) (l i) (l f) (m e) (m b) (f t) (f o) (o j) (m d) (s l) (q q) (t f) (b g) (h c) (o c) (i c) (t p) (g q) (c g) (r f) (a a) (q r) (e j) (f c) (s r) (o o) (i i) (e b)
double 44 (4.18 0.85) (8.14 6.88) (3.31 4.13) (6.03 6.94) (8.94 7.79) (0.36 6.89) (7.48 3.39) (4.49 9.72) (6.01 0.78) (7.32 2.23) (5.47 5.15) (1.32 4.6) (9.48 5.29) (6.2 0.85) (4.63 3.09) (3.24 1.29) (8.76 9.14) (7.57 8.38) (7.82 4.12) (2.9 0.68) (3.83 1.12) (3.23 2.54) (3.78 7.29) (9.89 4.31) (5.53 6.49) (1.42 0.89) (3.89 2.94) (1.5 4.15) (7.46 4.48) (7.83 3.54) (1.51 9.33) (9.32 7.64) (7.91 1.87) (9.95 6.58) (0.38 7.67) (6.48 2.01) (8.02 7.21) (3.48 1.2) (5.87 7.16) (2.23 4.98) (8.26 6.21) (0.83 0.34) (9.1 8.07) (9.55 5.87)
int 44 (12 84) (27 12) (59 79) (63 46) (17 44) (45 38) (73 7) (11 65) (18 9) (54 71) (54 25) (13 73) (92 72) (12 75) (88 23) (52 28) (76 28) (23 70) (61 97) (68 45) (29 51) (26 38) (71 16) (21 62) (20 35) (7 14) (12 61) (78 64) (32 64) (55 33) (16 34) (5 89) (70 98) (33 87) (25 30) (9 16) (82 56) (98 36) (42 85) (1 38) (21 34) (64 51) (62 18) (87 26)
bool 45 (1 0) (1 0) (1 0) (0 1) (0 0) (0 1) (1 1) (0 1) (0 1) (0 1) (1 1) (0 0) (0 0) (0 1) (0 0) (0 0) (0 0) (0 1) (1 0) (0 0) (0 0) (0 1) (1 1) (0 1) (0 0) (1 0) (1 0) (0 1) (0 0) (1 0) (0 1) (0 1) (0 0) (0 0) (1 0) (0 1) (1 1) (1 1) (1 1) (1 1) (1 0) (1 0) (1 0) (0 1) (0 0)
int 45 (41 4) (43 43) (15 64) (46 41) (23 19) (54 68) (49 89) (45 69) (82 18) (7 50) (51 1) (53 79) (54 63) (61 10) (2 43) (83 83) (52 9) (59 47) (12 32) (72 96) (85 3) (15 72) (36 35) (32 15) (54 48) (14 57) (45 43) (25 65) (70 80) (73 35) (6 62) (69 22) (52 71) (18 51) (47 74) (55 2) (30 97) (79 32) (62 15) (39 20) (77 62) (72 13) (63 95) (81 49) (50 41)
int 48 (91 32) (52 45) (71 14) (52 12) (39 66) (57 47) (68 35) (32 53) (48 52) (36 4) (59 73) (5 19) (28 95) (8 84) (10 29) (71 50) (71 48) (56 41) (99 41) (56 73) (58 96) (37 29) (46 86) (8 74) (28 69) (35 61) (24 74) (67 47) (33 59) (97 8) (59 13) (51 47) (33 56) (35 5) (26 26) (95 29) (59 92) (15 72) (5 8) (93 52) (51 64) (20 43) (32 24) (89 37) (58 21) (56 46) (60 38) (83 13)
bool 49 (0 1) (0 1) (0 1) (1 1) (0 1) (1 0) (0 0) (0 0) (0 0) (0 0) (0 1) (0 0) (0 0) (1 1) (0 0) (1 0) (1 0) (1 0) (1 1) (1 1) (1 1) (1 0) (0 0) (0 0) (0 0) (1 1) (1 0) (0 1) (1 0) (0 0) (0 1) (1 0) (0 1) (1 1) (1 0) (0 1) (1 0) (1 1) (1 1) (0 1) (0 0) (0 0) (0 1) (1 0) (1 0) (0 1) (0 0) (1 1) (1 0)
bool 50 (0 1) (0 1) (0 1) (0 1) (0 1) (0 0) (0 0) (0 1) (1 0) (1 1) (0 1) (1 0) (0 1) (0 0) (1 0) (0 1) (1 1) (1 0) (0 0) (1 1) (0 0) (0 0) (1 0) (1 1) (1 0) (0 1) (1 0) (0 0) (1 0) (1 0) (0 0) (0 1) (0 1) (0 1) (1 1) (1 0) (0 0) (0 0) (0 0) (1 1) (1 1) (1 1) (0 1) (1 0) (0 1) (1 0) (0 0) (1 1) (1 0) (1 1)
bool 50 (1 0) (1 0) (0 1) (1 0) (0 1) (0 1) (0 0) (1 0) (0 1) (1 0) (0 0) (0 1) (0 0) (0 0) (0 0) (1 0) (0 1) (0 1) (0 0) (1 1) (0 1) (1 0) (1 0) (0 1) (1 0) (0 1) (1 0) (1 1) (0 1) (0 1) (1 0) (1 1) (1 1) (0 1) (0 1) (0 0) (0 1) (1 1) (0 1) (0 0) (0 0) (1 1) (0 1) (1 0) (0 0) (0 1) (0 1) (1 0) (1 0) (0 0)
int 50 (26 46) (15 23) (46 36) (17 24) (90 89) (42 39) (56 17) (29 80) (85 54) (52 80) (25 20) (83 49) (3 41) (47 72) (5 62) (93 85) (98 17) (53 63) (49 63) (73 57) (81 48) (3 7) (50 22) (84 88) (89 44) (92 80) (56 98) (27 78) (96 63) (25 15) (10 99) (35 9) (56 39) (34 78) (57 46) (79 27) (50 38) (74 19) (98 1) (79 27) (45 92) (52 37) (96 78) (53 61) (28 20) (8 91) (79 4) (60 5) (75 69) (75 40)
int 51 (18 70) (68 95) (20 35) (9 51) (83 55) (84 91) (3 42) (70 85) (20 56) (94 72) (32 3) (37 56) (17 62) (22 10) (7 84) (3 32) (57 89) (59 81) (71 83) (37 91) (9 73) (8 37) (30 63) (47 17) (58 50) (68 29) (16 91) (73 39) (70 23) (88 9) (12 16) (42 18) (55 81) (56 21) (26 65) (21 4) (94 53) (45 8) (16 99) (44 68) (98 80) (6 99) (61 22) (70 80) (32 59) (42 86) (36 19) (54 94) (13 73) (11 98) (54 22)
int 53 (52 45) (60 45) (62 58) (76 37) (84 30) (21 2) (85 46) (7 8) (84 56) (12 72) (51 89) (81 35) (9 83) (41 35) (67 14) (98 49) (97 37) (18 85) (47 63) (72 56) (39 55) (18 39) (84 25) (22 83) (51 92) (89 77) (23 9) (75 61) (52 70) (76 85) (98 52) (71 9) (66 83) (89 51) (40 99) (79 14) (58 26) (54 21) (71 40) (60 59) (80 63) (2 38) (92 51) (25 74) (3 52) (21 72) (55 32) (10 42) (41 69) (62 47) (91 66) (89 90) (80 83)
double 54 (2.09 5.98) (3.52 5.43) (5.79 8.01) (8.75 5.32) (5.97 7.87) (9.29 4.15) (2.03 0.7) (1.61 5.5) (6.32 3.53) (5.05 5.29) (4.53 7.65) (5.32 0.34) (8.93 0.07) (8.16 1.18) (1.27 2.67) (0.37 3.21) (3.37 6.49) (5 8.81) (1.3 7.07) (1.01 0.01) (3.59 6.22) (1.26 1.06) (5.31 9.89) (7.18 2.82) (3.36 9.41) (5.08 1.08) (8.3 8.09) (9.3 8.45) (1.41 8.5) (6.34 2.93) (6.18 8.31) (7.75 5.59) (7.97 2.29) (1.34 0.75) (5.14 4.3) (9.33 8.34) (7.24 9.63) (7.42 2.02) (2.73 9.8) (1.5 5.32) (1.39 7.11) (8.35 6.91) (2.1 2.52) (0.96 6.58) (7.28 5.91) (5.02 7.01) (1.68 5.77) (9.28 4.74) (0.13 8.71) (6.41 7.02) (9.95 1.01) (9.79 2.29) (5.35 7.38) (8.47 2.23)
int 55 (55 10) (7 88) (88 30) (67 16) (81 65) (74 72) (94 33) (9 90) (13 95) (3 69) (24 51) (22 29) (53 3) (63 36) (11 8) (56 52) (22 85) (67 56) (58 16) (48 8) (14 66) (14 18) (42 19) (53 14) (32 89) (32 57) (9 53) (98 45) (12 17) (92 85) (61 69) (52 87) (43 74) (20 87) (53 41) (98 85) (30 96) (9 5) (52 3) (66 56) (31 95) (74 45) (47 96) (63 12) (2 84) (6 44) (17 11) (4 93) (47 42) (91 37) (54 53) (92 88) (12 67) (16 65) (36 68)
double 57 (5.87 8.26) (2.73 6.17) (8.95 1.41) (1.6 9.47) (0.95 3.35) (9.8 5.58) (3.78 6.68) (1.7 5.72) (1.6 2.26) (8.73 0.97) (7.86 7.32) (3.74 5.51) (3.77 4.86) (5.33 1.48) (9.38 3.65) (8.15 2.96) (8.91 4.12) (1.04 5.5) (8.78 0.69) (3.99 7.21) (9.4 3.33) (5.57 7.2) (9.12 0.6) (7.3 0.57) (6.1 3.52) (3.41 3.9) (7.52 3.79) (2.72 2.93) (1.14 2.39) (1.33 5.94) (6.91 2.76) (7.97 2.29) (8.71 9.67) (3.39 7.26) (5.72 5.78) (0.09 5.83) (4.91 1.68) (6.02 0.11) (3.26 2.72) (4.11 5.26) (1.99 9) (8.69 9.75) (6.82 0.32) (6.94 2.97) (6.38 5.31) (1.43 3.03) (5.57 5.29) (2.23 7.75) (7.53 7.37) (8.18 1.19) (0.42 9.06) (9.01 5.17) (6.03 8.55) (0.51 4.24) (6.12 8.94) (0.22 1.75) (7.96 7.96)
int 57 (58 99) (6 27) (9 25) (24 49) (61 24) (17 63) (19 7) (23 14) (13 98) (84 17) (55 99) (28 92) (67 86) (87 40) (77 59) (85 83) (98 20) (70 79) (23 21) (74 95) (87 25) (99 79) (2 15) (52 33) (73 83) (68 64) (56 13) (90 46) (49 17) (60 13) (85 86) (86 93) (75 84) (35 10) (1 11) (80 41) (72 17) (67 25) (72 46) (5 25) (86 87) (37 92) (52 56) (74 6) (3 89) (91 1) (51 81) (72 24) (31 12) (91 50) (14 69) (79 79) (61 88) (53 13) (53 83) (35 17) (95 80)
char 59 (i o) (b l) (a g) (q a) (h d) (g d) (n d) (k h) (h t) (h k) (t p) (k j) (e d) (o s) (n i) (j o) (j q) (h q) (b d) (s n) (c m) (s g) (q f) (t m) (s a) (l a) (m m) (l f) (n t) (i q) (q p) (f a) (d i) (t t) (i g) (h e) (d d) (c l) (n m) (t j) (g a) (s q) (a t) (h o) (b a) (r h) (d h) (k i) (h s) (c m) (o r) (f r) (s q) (p d) (p h) (a q) (j j) (e h) (p a)
char 59 (n q) (m e) (f f) (t a) (n h) (r p) (i i) (k m) (j o) (p r) (q q) (n n) (b m) (j a) (b e) (m a) (d k) (c m) (a f) (f s) (l c) (p n) (m g) (l q) (q q) (r a) (i p) (r s) (e s) (r g) (p d) (d l) (t b) (h n) (j r) (t a) (t j) (g l) (t c) (m f) (h i) (s s) (s b) (m r) (i n) (t n) (b f) (k d) (j m) (b q) (q q) (c n) (q q) (g s) (r t) (l b) (q m) (h l) (i k)
char 61 (a h) (k k) (k i) (q h) (m k) (l s) (r k) (j m) (j e) (e n) (n o) (p q) (q i) (n f) (n k) (n g) (h g) (a s) (f j) (q e) (j b) (f s) (t k) (p s) (q e) (q i) (l l) (o l) (p c) (d g) (i e) (e o) (s c) (j s) (o b) (r h) (g i) (d o) (g j) (n n) (l f) (k j) (f c) (f c) (m t) (c e) (l l) (g c) (n b) (e t) (l k) (t t) (g g) (j n) (o h) (d m) (j d) (r t) (r f) (b d) (h q)
int 61 (74 4) (63 71) (25 24) (56 32) (9 69) (19 7) (70 65) (51 88) (21 97) (58 71) (3 93) (74 65) (28 46) (35 77) (61 39) (66 95) (35 37) (19 69) (47 10) (4 76) (2 91) (70 14) (44 32) (29 31) (75 91) (38 69) (70 37) (66 92) (72 82) (40 64) (74 10) (77 48) (52 17) (23 13) (63 74) (64 6) (98 39) (13 77) (10 16) (61 63) (66 65) (7 35) (87 97) (47 25) (15 74) (26 44) (71 13) (60 38) (57 92) (5 81) (20 48) (29 8) (91 88) (56 32) (12 96) (59 47) (36 14) (31 38) (60 97) (61 75) (10 57)
double 63 (6.58 9.51) (0.69 4.53) (7.25 7.82) (7.37 3.64) (8.34 4.84) (4.57 2.06) (2.58 1.67) (4.05 5.34) (1.86 0.31) (9.68 4.46) (6.27 8.11) (7.23 0.46) (6.03 7.9) (4.32 8.02) (7.9 7.02) (8.24 5.71) (3.8 9.52) (6.82 9.75) (3.16 7.14) (0.63 0.12) (5.72 9.67) (2.04 1.99) (6.46 8.45) (9.87 8.25) (9.84 7.25) (2.77 4.76) (2.48 9.89) (8.35 9.47) (4.9 2.85) (4.8 5.29) (5.44 9.02) (7.44 6.94) (5.86 5.03) (3.43 1.42) (4.72 9.7) (7.06 8.67) (6.24 3.82) (7.66 8.14) (3.96 8.25) (2.14 8.21) (5.42 4.79) (6.4 6.06) (4.89 8.16) (9.62 1.11) (2.93 3.85) (8.28 6.96) (5.09 1.09) (0.1 8.24) (8.78 5.32) (6.86 5.32) (2.88 2.93) (6.49 9.65) (3.95 1.69) (0.44 0.59) (9.43 1.92) (7.72 8.18) (7.47 2.94) (9.28 9.71) (1.15 9.73) (2.86 4.9) (0.64 0.96) (8.42 9.16) (4.35 1.98)
int 63 (6 24) (60 53) (75 25) (86 94) (72 67) (62 92) (80 26) (76 96) (93 35) (69 31) (18 50) (41 8) (44 93) (1 87) (60 21) (77 64) (8 61) (75 27) (16 82) (51 64) (7 5) (75 5) (1 30) (28 15) (6 31) (37 90) (99 72) (15 34) (24 74) (93 68) (78 37) (55 20) (8 72) (93 11) (37 8) (30 4) (77 18) (59 68) (51 52) (17 75) (68 33) (56 47) (18 68) (69 71) (8 7) (24 3) (31 64) (6 84) (12 22) (8 46) (61 81) (76 10) (46 22) (54 1) (50 39) (65 1) (2 57) (39 96) (36 50) (10 34) (46 11) (47 38) (40 7)
double 65 (1.82 1.02) (4.73 8.51) (4.09 9.08) (7.04 3.8) (2.45 8.16) (4.63 7.24) (3.46 4.88) (2.85 4.53) (6.15 1.02) (8.02 4.21) (2.92 3.43) (5.13 2.58) (6.25 4.88) (8.54 7.83) (9.34 8.76) (2.14 3.31) (3.3 7.84) (8.78 5.76) (7.47 4.43) (8.7 6.41) (7.85 5.69) (0.16 0.26) (8.12 3.91) (0.66 2.4) (7.25 3.27) (8.96 4.42) (4.6 4.48) (5.91 5.05) (0.48 1.51) (4.31 5.79) (3.7 4.5) (0.29 6.98) (5.61 0.11) (6.45 7.72) (2.41 5.3) (1.08 3.71) (7.9 8.73) (7.48 4.74) (4.81 9.89) (6.7 9.23) (8.76 3.37) (5.04 7.06) (5.35 0.27) (9 9.35) (3.86 7.31) (9.36 9.36) (3.67 3.51) (8.27 2.27) (5.94 4.45) (4.73 3.04) (4.55 1.51) (7.75 8.13) (5.89 8.03) (2.99 6.85) (9.98 4.48) (0.27 9.26) (6.39 9.7) (1.77 3.59) (8.57 5.33) (1.69 1.89) (1.34 8.99) (9.45 3.2) (1.47 8.3) (6.9 9.81) (1.19 0.58)
bool 65 (1 0) (1 1) (0 1) (1 0) (1 0) (1 1) (1 0) (0 1) (0 0) (0 0) (1 1) (1 0) (1 0) (1 1) (1 1) (1 1) (1 1) (0 0) (0 1) (1 1) (0 1) (0 1) (1 1) (0 0) (1 1) (1 0) (0 1) (0 1) (1 1) (0 1) (1 0) (1 0) (0 0) (1 1) (1 0) (1 1) (0 1) (1 1) (1 1) (0 0) (1 1) (1 1) (0 1) (0 0) (0 1) (0 0) (0 1) (0 1) (1 1) (0 0) (0 1) (1 0) (1 0) (1 0) (0 1) (0 0) (0 0) (0 0) (0 0) (0 1) (1 0) (0 0) (1 1) (0 1) (1 1)
double 67 (5.92 7.32) (5.86 8.05) (2.87 2.55) (6.55 9.33) (8.87 3.95) (6.28 9.24) (7.77 0.44) (6.14 4.95) (6.77 6.86) (4.5 2.59) (6 5.89) (2.4 3.64) (7.09 5.91) (1.61 0.76) (2.77 6.04) (2.56 7.76) (6.18 0.55) (8.84 2.17) (8.52 0.76) (5.7 6.79) (5.9 4.39) (2.93 4.78) (6.46 7.14) (7.61 1.94) (5.02 0.54) (2.94 9.15) (4.81 8.17) (2.31 3.73) (3.08 1.5) (9.89 0.67) (8.85 1.66) (3.98 6.69) (8.87 0.27) (1.49 1.16) (5.08 7.74) (8.86 3.99) (2.88 2.43) (1.88 8.78) (1.56 6.85) (9.82 4.27) (5.56 5.3) (0.21 2.98) (6.59 0.7) (2.7 3.79) (7.75 1.69) (8.82 1.75) (7.26 5.93) (6.58 3.75) (4.45 9.66) (4.6 2.32) (0.49 8.63) (8.45 3.21) (1.68 9.01) (5.19 6.26) (3.91 7.64) (3.3 3.47) (1.04 6.1) (0.17 1.54) (9.97 6.52) (1.28 5.74) (1.62 5.81) (7.36 3.74) (9.74 0.4) (9.64 2.37) (7.72 8.05) (3.36 8.77) (1.28 1.86)
int 68 (83 8) (60 97) (84 9) (78 17) (77 28) (91 40) (47 56) (31 34) (20 24) (64 91) (92 85) (65 47) (54 48) (29 68) (30 65) (44 81) (24 56) (73 27) (98 71) (7 17) (48 76) (95 91) (12 75) (23 89) (32 29) (30 25) (69 13) (62 29) (32 34) (19 43) (50 62) (61 7) (70 75) (40 82) (90 38) (64 11) (98 7) (6 24) (61 75) (72 55) (29 39) (57 64) (36 11) (93 81) (71 99) (58 78) (2 13) (35 43) (51 37) (93 61) (55 95) (94 17) (37 47) (96 29) (65 29) (50 59) (11 48) (49 47) (56 53) (32 53) (47 73) (36 44) (21 44) (80 11) (90 22) (91 5) (39 8) (91 92)
char 69 (c p) (b q) (b n) (r c) (s t) (n h) (h c) (a n) (f k) (k l) (a a) (k j) (s t) (k n) (t k) (r s) (q q) (a p) (d n) (e d) (m t) (m l) (m q) (k d) (j k) (h t) (h o) (m p) (t o) (p j) (s l) (a a) (j f) (l r) (g l) (b o) (k d) (p l) (t m) (c c) (c r) (t d) (n o) (r q) (d a) (r n) (s a) (d b) (i l) (t j) (l c) (t t) (f b) (i j) (i g) (s e) (o h) (p o) (t i) (k i) (j g) (g t) (h s) (o b) (h c) (t n) (g f) (q k) (s g)
double 71 (2.03 6.93) (0.29 3.89) (6.21 0.97) (6.34 9.76) (9.35 7.24) (4.54 7.72) (4.85 2.16) (3.86 3.13) (8.17 6.86) (4.68 8.99) (8.46 3.72) (6.63 8.79) (8.75 4.12) (2.91 7.28) (7.72 5.48) (7.77 0.25) (7.12 0.5) (4.56 0.34) (4.63 0.8) (1.22 4.14) (1.38 9.95) (6.95 3.45) (0.25 2.4) (2.92 6.67) (0.2 3.76) (1.52 9.07) (7.64 1.89) (8.58 1.21) (1.41 4.78) (8.5 3.44) (6.49 7.33) (4.27 8.16) (4.66 8.67) (1.06 8.39) (2.66 8.8) (6.02 7.54) (2.38 4.59) (2.27 4.88) (0.95 0.96) (6.49 4.57) (9.25 6.86) (5.15 2.04) (2.65 0.15) (5.26 4.16) (1 1.24) (9.05 0.41) (6.79 7.45) (3.58 6.76) (6.31 3.17) (6.65 9.55) (2.9 3.69) (7.6 7.03) (1.74 9.43) (4.71 7.76) (4.68 9.64) (6.48 2.82) (9.59 1.13) (8.03 3.79) (6.86 6.34) (9.85 0.68) (4.14 6.76) (6.31 6.31) (5.95 3.53) (4.32 0.6) (9.39 1.17) (8.87 6.91) (8.27 7.96) (5.96 9.42) (6.63 7.51) (0.55 3.24) (1.8 2.36)
double 72 (2.35 8.99) (3.03 1.8) (8.32 0.39) (4.13 3.74) (2.34 1.44) (9.96 3.14) (4.53 2.12) (0.14 7.58) (4.12 1.26) (5.23 3.26) (3.91 4.05) (3.49 3.77) (2.41 5.55) (8.77 2.18) (9.7 0.58) (0.29 0.37) (0.33 1.7) (4.45 8.59) (9.11 2.61) (9.46 8.17) (1.5 8.9) (6.6 8.39) (9.65 5.03) (8.03 0.72) (0.9 0.11) (1.68 1.52) (8.45 6.34) (4.76 9.02) (2.66 1.66) (1.82 4.11) (4.21 9.24) (8.19 5.81) (5.6 6.78) (9.14 2.75) (6.29 2.25) (9.44 7.57) (3.76 5.09) (7.54 5.64) (8.64 7.14) (9.18 2.78) (2.74 7.24) (1.9 4.22) (7.85 1.53) (5.25 8.19) (8.16 2.68) (1.17 3.6) (9.39 8.58) (3.95 9.11) (3.74 5.6) (1.67 2.38) (0.55 6.72) (2.42 0.97) (8.51 5.44) (6.18 3.53) (4.12 1.23) (3.1 0.45) (1.49 0.96) (0.98 3.32) (3.02 3.44) (0.15 7.12) (3.32 4.05) (0.21 2.71) (4.95 9.13) (4.81 3.04) (7.36 5.57) (5.99 6.16) (0.17 7.86) (8.56 3.93) (4.57 9.47) (3.67 8.8) (3.61 5.51) (0.75 7.81)
bool 72 (0 0) (1 1) (0 0) (0 1) (0 1) (0 0) (0 1) (1 1) (1 1) (1 1) (1 0) (1 0) (0 1) (1 0) (0 1) (0 0) (0 0) (0 0) (0 0) (0 0) (1 0) (0 1) (0 1) (1 1) (0 0) (0 0) (1 1) (0 1) (1 1) (1 0) (0 1) (0 1) (0 1) (0 1) (0 1) (0 1) (1 1) (0 0) (1 1) (0 0) (0 1) (1 0) (0 0) (0 0) (1 1) (0 0) (1 0) (1 1) (1 0) (1 1) (1 1) (1 1) (0 0) (0 0) (1 0) (0 1) (0 0) (0 1) (1 1) (0 1) (0 1) (0 1) (1 1) (0 1) (1 1) (1 0) (0 1) (1 0) (1 1) (1 1) (0 0) (0 0)
bool 73 (1 0) (1 0) (1 1) (0 1) (1 0) (0 1) (0 0) (0 0) (1 1) (1 0) (0 0) (0 1) (1 0) (0 1) (0 0) (1 1) (1 1) (0 1) (0 0) (1 0) (1 1) (0 1) (1 1) (0 1) (0 0) (0 1) (1 0) (0 0) (1 0) (0 1) (1 0) (0 0) (0 1) (1 1) (0 0) (1 1) (0 1) (0 1) (1 0) (0 0) (1 1) (1 1) (0 1) (0 1) (0 1) (0 0) (0 1) (0 0) (0 1) (0 1) (1 0) (1 0) (1 0) (0 1) (0 0) (1 1) (0 0) (0 1) (1 1) (0 1) (0 0) (0 1) (0 0) (1 1) (0 1) (1 1) (1 0) (1 1) (0 0) (0 0) (0 1) (1 0) (0 1)
bool 73 (0 1) (1 0) (0 0) (1 0) (0 1) (1 0) (0 0) (1 1) (0 0) (1 0) (1 0) (0 0) (0 0) (0 1) (0 1) (1 1) (1 0) (1 1) (1 1) (1 0) (1 0) (0 1) (1 0) (0 0) (0 1) (0 1) (1 1) (1 0) (0 0) (1 0) (1 0) (1 1) (1 0) (0 0) (0 1) (0 1) (0 0) (1 0) (0 1) (1 0) (0 0) (1 1) (1 1) (1 1) (0 1) (1 1) (1 1) (0 0) (0 1) (1 1) (0 1) (1 0) (1 0) (1 1) (1 1) (0 0) (0 0) (1 1) (0 1) (0 0) (1 0) (1 1) (1 0) (1 1) (1 0) (0 0) (0 1) (0 1) (1 0) (1 1) (0 1) (0 0) (0 1)
bool 73 (1 0) (1 0) (0 1) (0 1) (1 1) (1 0) (1 0) (0 1) (0 0) (1 1) (0 0) (1 0) (1 1) (1 1) (0 1) (0 0) (0 1) (1 1) (1 1) (1 0) (0 0) (1 1) (1 1) (1 1) (0 0) (0 0) (0 1) (0 1) (1 0) (0 0) (0 1) (0 1) (0 0) (1 0) (1 1) (1 1) (0 1) (1 1) (1 0) (0 1) (1 1) (0 1) (1 0) (0 1) (1 0) (0 0) (1 0) (1 1) (1 1) (1 1) (1 0) (1 1) (1 0) (1 0) (1 1) (0 1) (1 1) (0 0) (1 1) (0 0) (0 0) (0 0) (0 0) (1 0) (1 1) (0 1) (1 1) (0 0) (0 0) (0 1) (1 1) (0 0) (0 0)
double 75 (2.37 9.38) (1.02 6.39) (4.64 3.18) (6.91 0.56) (2.59 3.95) (7.79 7.38) (1.13 3.75) (4.62 1.73) (6.86 6.42) (8.98 2.06) (1.68 8.05) (6.27 1.4) (8.14 5.23) (5.76 9.44) (4.38 9.39) (9.24 1.92) (5.76 7.85) (1.13 8.18) (7.2 1.61) (7.1 5.13) (0.66 1.49) (9.85 7.75) (9.31 5.92) (6.5 1.78) (1.52 2.67) (3.25 7.61) (4.63 7.81) (8.97 5.5) (2.73 0.78) (8.63 7.32) (6.7 2.51) (8.25 8.34) (4.62 9.69) (4.07 2.9) (9.91 1.37) (9.88 2.94) (4.52 3.8) (5.67 7.05) (5.7 4.23) (1.36 3.31) (8.67 7.28) (0.3 2.42) (7.26 1.43) (1.19 0.09) (1.95 9.34) (3.32 2.83) (3.28 6.2) (5.82 2.33) (9.27 4.53) (0.53 7.8) (3.72 8.54) (3.88 1.5) (0.82 6.25) (7.2 5.25) (6.18 1.29) (8.6 8.3) (2.12 3.98) (1.21 5.3) (8.92 7.55) (3.07 6.53) (6.96 9.16) (7.86 9.03) (3.28 0.46) (3.8 2.71) (6.55 9.23) (6.19 3.84) (9.82 3.82) (6.72 9.55) (8.99 1.48) (6.29 4.81) (7.39 8.47) (7.03 1.35) (2.51 7.32) (3.33 9.58) (9.39 4.88)
int 77 (81 9) (16 51) (10 51) (22 42) (81 46) (66 82) (71 56) (21 41) (50 81) (75 55) (63 62) (35 75) (47 73) (31 24) (71 33) (20 95) (85 23) (41 24) (50 94) (15 94) (73 20) (21 7) (67 34) (72 11) (33 49) (69 36) (43 98) (15 69) (17 27) (20 65) (51 3) (16 58) (50 62) (49 50) (97 7) (38 18) (57 67) (92 27) (58 46) (9 88) (49 66) (63 86) (65 4) (22 76) (10 37) (67 39) (75 4) (18 30) (89 55) (47 46) (11 13) (29 89) (57 87) (12 73) (85 38) (94 2) (90 91) (89 36) (94 75) (75 46) (52 68) (70 71) (86 26) (38 96) (36 98) (74 39) (96 26) (56 95) (58 98) (24 82) (3 89) (29 23) (11 15) (27 64) (26 32) (27 16) (35 40)
bool 78 (0 1) (0 0) (1 1) (0 0) (0 1) (1 1) (0 1) (0 1) (1 1) (1 0) (0 1) (1 1) (1 1) (0 1) (1 0) (1 0) (1 1) (1 0) (1 1) (0 0) (0 0) (1 1) (0 1) (1 1) (1 0) (1 1) (0 0) (1 0) (1 0) (0 1) (1 1) (0 0) (1 0) (1 0) (0 1) (0 1) (0 0) (1 1) (1 0) (1 1) (1 1) (0 1) (0 1) (1 0) (0 0) (0 0) (1 1) (0 1) (1 0) (1 1) (1 1) (1 0) (1 0) (1 0) (1 0) (1 0) (0 1) (1 1) (1 1) (1 0) (0 1) (0 0) (0 1) (0 0) (0 0) (0 1) (0 0) (0 1) (0 1) (0 0) (0 1) (1 1) (0 0) (1 1) (0 1) (0 1) (0 0) (0 1)
bool 83 (1 1) (0 0) (1 0) (0 0) (1 1) (0 1) (1 0) (0 0) (1 0) (0 1) (1 0) (0 1) (0 0) (1 1) (1 1) (0 1) (0 0) (1 1) (0 1) (0 0) (1 0) (1 0) (0 1) (1 1) (0 1) (0 0) (0 0) (1 0) (0 0) (0 0) (1 0) (0 1) (0 1) (1 0) (0 0) (1 0) (1 1) (0 1) (1 1) (0 1) (1 0) (0 0) (0 0) (1 1) (1 1) (0 1) (0 0) (0 0) (1 1) (0 0) (1 0) (1 0) (1 0) (1 1) (1 1) (1 0) (1 0) (0 1) (0 0) (0 0) (0 1) (1 1) (1 0) (0 1) (1 0) (0 1) (0 1) (1 0) (0 1) (0 0) (1 0) (1 0) (0 0) (1 0) (1 0) (1 1) (1 1) (0 1) (0 0) (0 0) (0 0) (0 1) (1 0)
int 84 (19 70) (94 3) (79 90) (85 10) (38 34) (97 73) (77 85) (99 75) (99 90) (35 5) (33 99) (26 50) (17 93) (33 82) (23 8) (2 76) (93 79) (11 98) (41 9) (16 90) (26 14) (5 18) (87 70) (10 16) (33 22) (66 26) (49 16) (87 4) (56 76) (68 74) (11 23) (5 93) (14 35) (1 23) (88 25) (40 24) (82 69) (20 98) (24 58) (58 24) (92 24) (28 89) (9 66) (16 35) (44 54) (45 54) (24 96) (69 3) (79 17) (54 37) (50 11) (43 63) (88 23) (41 53) (27 45) (16 13) (15 65) (18 99) (98 88) (62 41) (42 9) (64 68) (35 98) (11 54) (70 90) (3 12) (60 15) (87 87) (80 32) (66 82) (29 64) (20 11) (1 49) (92 48) (80 80) (9 36) (98 56) (53 18) (15 60) (56 84) (68 86) (83 75) (18 46) (62 66)
char 84 (h m) (g n) (e r) (t m) (m e) (i r) (j f) (i o) (o e) (l c) (g f) (l d) (g l) (l e) (l q) (p t) (i i) (c n) (h g) (g e) (m d) (f o) (b l) (e k) (m c) (s o) (j j) (e t) (s o) (l n) (r t) (r e) (n n) (o g) (h g) (n f) (s n) (m k) (f t) (g h) (h l) (p i) (b c) (q b) (h f) (h l) (f t) (k f) (t o) (f i) (s g) (c t) (j o) (n m) (t k) (b f) (m e) (e h) (h n) (n o) (g e) (s g) (m f) (f p) (j t) (p m) (p b) (a q) (f g) (h o) (e i) (n p) (i n) (a r) (n s) (h p) (r i) (k g) (m j) (j e) (g f) (d i) (l g) (e m)
int 85 (43 48) (6 33) (49 84) (76 58) (15 65) (40 97) (40 41) (13 72) (62 32) (61 22) (37 63) (27 40) (21 65) (96 22) (96 71) (61 34) (64 54) (90 99) (96 86) (72 59) (38 26) (39 45) (89 11) (97 68) (17 79) (21 32) (12 70) (64 82) (14 41) (46 77) (49 62) (40 30) (14 13) (27 12) (66 17) (39 48) (52 22) (97 49) (94 18) (49 22) (6 66) (64 65) (25 64) (95 11) (32 35) (77 11) (9 86) (27 7) (93 67) (57 99) (83 52) (95 52) (8 54) (38 37) (57 30) (17 85) (72 51) (5 96) (4 35) (29 71) (87 94) (96 42) (14 17) (3 34) (6 93) (91 80) (77 57) (83 85) (39 60) (53 4) (68 32) (20 49) (32 24) (74 71) (41 74) (74 71) (30 92) (2 37) (15 5) (77 60) (63 24) (72 58) (24 80) (42 72) (43 15)
int 86 (68 56) (30 92) (82 6) (42 63) (49 75) (5 97) (57 56) (39 55) (80 36) (90 56) (90 12) (36 92) (31 43) (66 12) (80 41) (7 73) (94 67) (86 6) (17 78) (54 20) (44 18) (98 2) (85 21) (66 86) (34 29) (9 22) (50 37) (73 79) (13 11) (14 95) (49 21) (6 5) (66 28) (80 41) (63 43) (73 41) (19 83) (4 46) (97 27) (47 89) (30 61) (70 70) (67 78) (43 92) (51 67) (92 16) (85 48) (88 41) (45 31) (39 5) (28 67) (82 5) (48 57) (35 32) (45 80) (87 97) (16 67) (7 11) (19 86) (89 55) (30 96) (86 98) (61 10) (3 87) (86 58) (69 82) (12 86) (55 14) (96 15) (19 25) (4 28) (71 38) (23 50) (71 30) (70 54) (9 34) (17 42) (42 19) (15 14) (4 44) (93 73) (40 13) (67 53) (54 64) (66 31) (90 77)
bool 87 (0 0) (0 1) (0 1) (1 1) (1 1) (1 1) (1 0) (0 1) (0 0) (0 1) (0 0) (1 1) (1 0) (0 0) (0 0) (1 1) (1 1) (0 1) (1 1) (1 1) (0 1) (0 0) (0 1) (0 0) (1 1) (1 0) (0 0) (1 0) (0 1) (1 1) (1 0) (0 0) (1 0) (1 1) (1 0) (0 0) (0 0) (0 1) (1 1) (0 1) (0 1) (0 1) (0 0) (1 1) (0 0) (1 0) (1 1) (0 1) (0 0) (1 1) (0 0) (1 0) (1 0) (1 0) (1 1) (0 0) (0 1) (1 0) (1 1) (1 1) (0 0) (1 1) (0 0) (1 0) (1 1) (1 0) (1 1) (0 0) (1 1) (1 0) (0 0) (1 1) (0 0) (0 0) (0 1) (0 1) (0 0) (0 0) (1 0) (1 1) (1 1) (1 0) (1 0) (1 1) (1 0) (1 0) (0 0)
double 89 (3.43 0.31) (0.58 5.73) (4.09 4.77) (7.22 5.97) (9.83 0.65) (2.83 4.52) (0.16 7.69) (5.24 5.97) (6.73 5.06) (7.01 7.31) (0.03 4.69) (8.34 5.65) (5.74 1.85) (0.36 7.57) (5.36 1.52) (6.33 5.56) (2.01 4.09) (5.47 4.41) (3.87 2.66) (6.61 0.23) (0.09 2.51) (5.74 5.46) (3.26 1.74) (0.39 5.38) (6.74 1.88) (6.17 7.02) (7.34 3.75) (7.03 7.85) (0.81 6) (2.91 8.69) (9.86 8.96) (9.22 5.44) (5.6 4.46) (8.99 2.24) (0.07 8.5) (5.54 3.46) (9.07 9.32) (5.48 7.14) (5.22 0.62) (2.13 4.79) (8.78 3.28) (5.74 4.44) (5.19 4.71) (6.4 5.05) (9.51 3.55) (3.58 6.38) (8.59 9.59) (5.01 7.22) (4.53 5.38) (1.03 5.37) (7.44 0.17) (5.55 1.44) (7.89 5.85) (8.79 2.1) (2.37 1.1) (9.45 5.65) (7.02 0.88) (5.67 4.45) (0.26 2.85) (2.51 7.64) (1.53 0.45) (4.75 6.39) (4.41 6.31) (6.41 1.71) (2.45 6.99) (4.22 5.92) (5.55 2.2) (2.13 9.41) (2.27 0.71) (6.48 5.11) (0.69 5.86) (7.07 6.75) (8.65 4.77) (1.17 0.93) (2.06 5.47) (9.29 0.88) (4.48 2.17) (4.68 5.32) (4.73 6.46) (3.25 5.35) (8.17 1.15) (2.19 9.21) (9.43 8.3) (0.13 0.57) (5.07 3.65) (6.39 3.23) (0.6 2.39) (0.48 1.27) (4.58 8.13)
int 89 (41 47) (32 83) (21 30) (33 12) (29 30) (26 82) (59 37) (28 33) (51 25) (21 20) (79 18) (59 66) (80 11) (8 73) (31 94) (32 17) (29 65) (90 56) (87 89) (1 11) (83 84) (75 5) (68 12) (87 13) (85 90) (31 12) (57 67) (94 10) (15 58) (64 19) (39 26) (41 68) (95 48) (49 64) (59 26) (38 39) (12 32) (70 65) (34 91) (69 56) (26 79) (21 59) (2 46) (75 37) (96 71) (9 59) (18 16) (97 40) (28 87) (8 30) (4 65) (1 42) (59 48) (63 74) (91 36) (97 89) (91 40) (54 91) (73 10) (47 86) (32 34) (7 98) (41 8) (85 13) (22 96) (73 39) (92 46) (49 53) (24 80) (14 23) (9 48) (60 91) (58 16) (5 47) (57 45) (95 79) (76 97) (7 77) (41 34) (77 8) (67 99) (12 94) (51 88) (53 31) (59 89) (86 30) (7 31) (38 67) (53 61)
bool 89 (0 0) (0 0) (0 0) (0 0) (0 1) (0 0) (0 0) (1 0) (1 1) (0 1) (1 1) (1 0) (1 0) (1 1) (1 1) (1 0) (1 1) (1 1) (0 0) (0 1) (0 0) (1 1) (0 1) (0 1) (1 0) (1 0) (0 1) (0 1) (1 0) (0 1) (0 0) (1 1) (0 1) (1 1) (0 0) (0 1) (1 1) (1 0) (0 0) (1 0) (0 1) (0 0) (0 0) (0 0) (1 1) (1 0) (1 0) (1 1) (1 0) (1 1) (1 0) (0 1) (1 1) (0 1) (0 1) (1 0) (1 1) (0 0) (1 1) (0 1) (1 1) (1 1) (0 0) (0 1) (1 1) (0 1) (0 1) (0 1) (1 1) (0 0) (1 1) (1 0) (0 1) (0 1) (0 1) (0 0) (1 1) (1 0) (0 1) (1 0) (1 0) (1 0) (0 1) (0 0) (0 0) (0 0) (0 1) (0 1) (0 0)
double 93 (0.23 2.55) (4.55 1.51) (5.28 7.97) (9.84 7.53) (8.98 9.32) (3.53 9.32) (1.07 2.76) (4.5 8.85) (7.05 0.56) (4.04 9.89) (9.48 1.6) (3.71 9.27) (6.43 3.11) (7.42 3.41) (0.22 9.62) (8.74 6.92) (6.76 8.69) (3.59 0.17) (2.04 1.59) (6.27 5.21) (9.99 5.38) (2.52 3.02) (9.61 6.22) (1.86 2.65) (0.01 9.46) (9.67 7.79) (9.93 5.04) (6.03 2.81) (0.65 7.48) (4.73 7.7) (8.78 6.41) (9.37 4.8) (0.89 9.39) (7.61 1.38) (0.37 2.26) (3.33 1.81) (7.4 2.9) (4.59 1.63) (0.21 2.08) (9.16 5.51) (8.67 1.85) (6.2 5.77) (9.03 9.98) (6.61 3.14) (0.65 1.8) (4.4 6.08) (9.06 6.56) (0.68 4.16) (2.08 5.96) (1.77 0.01) (0.31 6) (7.36 9.64) (6.45 5.42) (6.54 7.78) (9.84 7.92) (0.64 9.05) (6.99 5.3) (0.84 4.75) (9.92 2.38) (6.68 2.65) (5.51 1.72) (1.49 0.58) (9.4 0.31) (8.03 4.45) (5.13 5.54) (6.67 9.16) (5.52 0.84) (8.47 2.04) (3.22 9.1) (8.47 9.87) (6.2 7.23) (1.08 1.84) (6.27 7.17) (9.11 1.02) (6.33 4.72) (2.94 8.91) (7.01 8.81) (4.28 5.33) (6.94 5.19) (6.93 8.84) (0.14 8.26) (3.26 5.17) (3.47 7.51) (3.18 5.52) (5.54 0.32) (1.6 2.87) (7.18 9.71) (6.96 5.12) (8.78 4.24) (3.72 3.57) (2.55 5.06) (9.51 3.06) (5.8 4.58)
bool 93 (1 0) (1 1) (1 1) (1 0) (1 0) (0 1) (0 0) (0 1) (0 1) (1 0) (1 1) (1 1) (1 1) (0 0) (0 1) (1 0) (1 1) (1 1) (0 0) (1 0) (0 1) (1 1) (1 0) (1 1) (0 1) (1 0) (1 0) (0 1) (1 1) (1 0) (0 1) (1 1) (1 0) (0 0) (0 1) (1 1) (0 0) (1 1) (0 0) (1 0) (1 0) (1 1) (1 1) (1 1) (1 0) (1 1) (0 0) (0 1) (0 1) (1 1) (1 0) (1 1) (0 0) (0 1) (1 1) (1 0) (0 1) (1 0) (1 0) (1 0) (0 0) (1 1) (0 1) (0 1) (1 1) (1 0) (0 1) (0 1) (1 1) (0 1) (1 0) (0 1) (1 0) (0 0) (1 1) (1 0) (0 1) (0 1) (0 1) (1 0) (1 0) (0 1) (1 1) (1 0) (1 1) (1 1) (0 1) (1 1) (0 1) (0 1) (0 1) (0 0) (0 0)
int 93 (25 6) (62 11) (45 29) (10 9) (40 31) (71 79) (62 53) (80 28) (83 95) (45 41) (52 21) (58 4) (59 99) (86 95) (80 32) (83 45) (85 43) (46 74) (84 34) (25 68) (66 58) (75 57) (82 31) (37 91) (44 59) (74 15) (85 73) (14 5) (46 54) (76 81) (1 51) (39 90) (14 76) (59 72) (57 12) (50 26) (87 69) (86 87) (64 68) (23 20) (33 44) (87 90) (67 97) (56 17) (95 28) (46 17) (82 98) (36 69) (67 56) (34 5) (38 48) (67 23) (32 62) (6 84) (79 12) (51 54) (59 62) (81 23) (97 93) (72 15) (2 81) (1 25) (78 53) (70 15) (7 78) (6 54) (15 49) (40 72) (4 79) (72 94) (32 13) (46 23) (55 41) (30 18) (15 47) (38 16) (92 99) (43 95) (11 26) (92 2) (85 74) (64 78) (32 4) (30 96) (74 21) (23 36) (44 89) (95 27) (65 12) (6 26) (48 20) (49 82) (50 11)
int 94 (69 74) (23 20) (52 46) (35 9) (8 43) (72 28) (24 64) (85 74) (92 50) (53 42) (26 21) (83 59) (23 4) (1 38) (77 61) (7 41) (18 31) (84 37) (6 34) (76 29) (54 98) (84 41) (47 90) (6 2) (4 39) (96 33) (49 14) (63 31) (64 27) (3 97) (14 29) (48 49) (90 51) (50 82) (58 37) (6 58) (8 23) (90 75) (70 97) (43 94) (80 95) (41 70) (41 47) (19 52) (90 38) (31 69) (4 84) (88 51) (39 71) (23 83) (49 2) (37 40) (31 10) (46 43) (44 85) (68 83) (46 77) (97 69) (74 57) (77 27) (78 18) (14 66) (34 26) (23 1) (82 33) (91 61) (73 2) (55 80) (28 14) (49 67) (31 84) (45 24) (87 12) (50 62) (62 70) (99 88) (15 41) (16 24) (2 52) (20 29) (40 6) (38 54) (47 23) (46 52) (96 94) (68 91) (94 29) (8 27) (69 33) (1 27) (35 35) (32 36) (27 41) (39 7)
bool 96 (1 1) (1 0) (1 1) (1 1) (1 0) (0 1) (1 1) (0 0) (0 1) (1 1) (1 0) (1 0) (0 0) (0 0) (0 1) (0 1) (1 0) (0 1) (1 1) (0 0) (1 0) (0 0) (1 0) (1 1) (0 0) (0 1) (0 0) (1 1) (1 1) (1 1) (1 1) (0 0) (1 0) (0 0) (1 0) (0 0) (0 1) (1 1) (0 1) (1 1) (1 0) (1 0) (1 0) (0 0) (0 0) (1 0) (1 0) (0 1) (0 1) (0 1) (0 1) (0 1) (1 1) (1 1) (0 0) (1 0) (1 1) (1 0) (1 0) (1 1) (0 1) (1 0) (1 1) (1 0) (0 0) (0 0) (1 0) (0 1) (0 0) (0 0) (1 0) (0 1) (0 0) (0 1) (0 0) (1 0) (0 1) (0 0) (0 1) (1 1) (1 0) (0 0) (1 1) (1 0) (0 0) (0 1) (1 1) (1 1) (0 1) (0 0) (1 1) (1 1) (0 0) (0 1) (1 0) (1 0)
int 97 (88 23) (54 38) (17 67) (8 40) (23 26) (85 58) (1 35) (31 35) (10 85) (2 11) (47 82) (47 47) (72 76) (84 80) (4 15) (47 6) (47 21) (93 82) (11 84) (95 70) (77 31) (63 21) (91 19) (92 85) (19 96) (55 24) (92 37) (13 8) (7 7) (85 73) (42 20) (86 52) (51 43) (73 18) (51 55) (18 45) (66 81) (86 58) (58 58) (16 30) (75 90) (59 97) (41 13) (86 54) (97 2) (5 47) (87 56) (97 50) (40 81) (26 21) (3 3) (1 65) (25 15) (81 85) (24 50) (53 43) (82 55) (20 75) (92 81) (78 74) (66 4) (71 77) (64 54) (79 89) (23 19) (92 47) (55 22) (28 9) (32 34) (70 74) (5 19) (1 3) (46 29) (56 60) (67 44) (49 87) (90 52) (15 1) (80 50) (48 83) (67 83) (7 52) (80 90) (64 73) (84 48) (18 79) (45 21) (55 14) (1 81) (35 26) (94 21) (78 71) (90 62) (58 62) (26 75) (64 60) (57 73)
bool 97 (1 0) (0 0) (0 1) (1 0) (1 1) (1 0) (0 1) (0 1) (0 1) (0 1) (1 0) (0 0) (0 1) (0 1) (0 0) (1 0) (1 1) (0 0) (1 1) (1 1) (0 1) (0 0) (0 0) (0 1) (0 0) (0 0) (1 0) (1 1) (1 0) (1 0) (1 0) (0 1) (1 1) (1 1) (1 1) (1 1) (0 1) (0 1) (1 1) (1 0) (0 1) (1 0) (0 0) (1 0) (0 0) (0 1) (1 0) (0 1) (0 1) (0 1) (1 1) (1 1) (1 1) (0 1) (0 0) (1 1) (0 0) (0 0) (1 0) (0 0) (0 1) (0 0) (0 1) (0 1) (0 0) (0 1) (0 1) (1 1) (1 0) (1 1) (1 0) (1 0) (0 1) (0 1) (0 0) (0 0) (1 1) (0 1) (1 1) (1 1) (0 0) (0 1) (1 0) (1 0) (1 1) (1 1) (1 0) (0 0) (1 0) (1 0) (0 0) (0 0) (1 0) (1 0) (0 1) (1 1) (1 1)
bool 97 (0 0) (1 1) (0 0) (1 1) (1 1) (1 1) (1 0) (0 0) (1 0) (0 1) (0 0) (0 1) (0 0) (0 1) (1 1) (1 0) (0 0) (0 1) (1 1) (1 0) (1 1) (1 0) (0 0) (1 1) (0 0) (0 0) (0 1) (1 1) (1 0) (0 1) (0 1) (0 0) (1 0) (1 1) (1 1) (1 1) (0 0) (0 1) (1 1) (0 1) (1 0) (0 0) (1 1) (1 1) (1 1) (0 1) (0 1) (0 0) (1 1) (0 1) (1 0) (1 0) (1 0) (0 1) (1 0) (1 0) (1 0) (1 1) (1 0) (0 1) (0 1) (1 1) (1 0) (1 0) (1 0) (0 0) (0 1) (1 0) (1 1) (1 1) (1 0) (1 1) (1 0) (0 1) (0 1) (0 0) (0 1) (1 1) (0 1) (0 0) (0 0) (1 1) (0 1) (1 1) (0 0) (0 1) (0 1) (1 1) (1 1) (1 1) (0 0) (1 1) (0 0) (1 1) (0 1) (0 1) (0 0)
char 98 (m b) (q g) (p b) (o k) (n p) (n a) (j d) (f e) (k q) (q f) (s l) (g f) (j j) (p m) (c g) (q p) (s e) (r j) (t n) (d l) (a g) (f i) (o a) (i h) (r g) (l j) (n o) (s c) (e h) (g s) (g p) (e e) (m t) (j s) (h f) (i l) (h l) (a t) (p l) (f e) (r t) (d o) (g o) (m k) (e g) (s q) (k l) (i s) (q t) (m c) (n l) (e b) (q i) (k f) (i q) (r q) (l h) (f g) (f s) (c r) (d l) (q q) (o n) (e r) (a b) (i i) (q a) (r i) (g n) (f l) (g i) (c a) (c l) (e o) (s o) (a t) (d n) (d r) (j m) (s a) (q m) (p n) (o j) (h r) (n i) (g k) (f n) (q s) (b k) (d o) (h h) (c s) (q q) (t a) (m g) (n p) (n e) (p s)
double 98 (4.06 9.93) (0.08 3.57) (6.63 2.39) (5.38 0.71) (1.06 0.22) (6.47 9.12) (6.62 7.1) (1.58 4.57) (5.01 0.13) (7.27 0.62) (2.83 6.5) (6.74 1.03) (4.26 7.48) (9.14 1) (7.72 2.37) (5.45 3.45) (4.01 8.64) (7.37 9.05) (1.17 8.49) (0.11 2.73) (6.99 5.98) (4.67 1.81) (0.74 9.73) (6.86 4.42) (9.57 2.76) (4.87 4.71) (1.55 9.33) (8.14 7.81) (3.8 5.89) (8.12 9.32) (4.43 0.1) (0.64 4.86) (0.59 8.38) (3.96 8.34) (0.51 3.03) (5.89 1.39) (3.73 3.84) (6.44 2.56) (6.62 3.9) (1.69 7.11) (4.99 9.66) (7.78 3.24) (9.52 9.28) (6.71 7.75) (4.12 0.16) (6.46 4.25) (3 0.56) (9.86 6.72) (4.77 1.88) (0.29 7.25) (1.62 1.61) (6.64 7.56) (1.24 7.41) (2.28 0.33) (5.69 6.49) (4.13 2.53) (9.3 5.2) (2.63 1.85) (4.11 5.86) (4.96 5.31) (0.06 8.8) (5.99 3.21) (6.44 1.36) (8.18 8.76) (4.93 1.13) (3.02 8.42) (0.16 4.53) (2.34 1.6) (0.27 6.41) (3.39 8.33) (6.22 2.52) (8.15 1.24) (6.74 0.99) (6.54 2.49) (2.5 2.31) (1.34 4.02) (4.36 0.3) (9.31 7.4) (4.12 4.22) (8.16 5.66) (2.87 2.99) (1.66 6.82) (5.84 4.82) (2.35 7.35) (9.92 4.91) (8.15 5.47) (3.46 2.17) (1.29 9.52) (3.97 5.71) (5.21 0.41) (0.86 6.1) (2.63 3.6) (5.61 7.54) (8.5 5.05) (8.15 3.16) (3.84 0.49) (0.26 8.34) (3.9 8.45)
int 99 (60 70) (91 44) (37 99) (93 7) (6 55) (28 56) (65 50) (45 48) (69 78) (41 64) (77 19) (47 72) (46 45) (86 87) (78 59) (79 7) (24 15) (28 18) (88 37) (4 58) (63 60) (4 23) (80 22) (87 93) (63 24) (99 45) (89 75) (81 93) (98 67) (98 74) (1 49) (4 2) (58 65) (55 25) (49 38) (33 39) (29 62) (56 45) (49 7) (49 6) (31 32) (24 4) (43 22) (55 91) (55 26) (75 60) (79 12) (98 48) (42 60) (61 66) (50 45) (14 53) (12 13) (73 76) (73 82) (60 9) (29 82) (27 4) (53 1) (63 66) (49 43) (61 32) (12 48) (96 4) (58 80) (31 53) (18 74) (70 37) (74 20) (12 58) (92 48) (53 72) (91 18) (7 73) (99 27) (40 29) (11 51) (18 2) (64 56) (29 87) (84 29) (38 22) (19 3) (67 36) (56 2) (17 60) (24 94) (14 63) (5 42) (21 1) (36 74) (98 64) (67 94) (71 19) (61 84) (99 66) (59 57) (66 20) (47 3)
bool 101 (1 1) (1 0) (0 1) (1 0) (1 1) (0 1) (0 0) (1 1) (0 1) (1 0) (0 1) (1 0) (1 1) (1 0) (0 1) (1 0) (1 0) (0 1) (1 1) (0 0) (1 1) (1 0) (0 1) (1 1) (1 0) (0 0) (0 1) (1 1) (1 0) (0 1) (1 1) (1 1) (0 0) (0 1) (1 1) (0 1) (0 1) (1 0) (0 1) (1 1) (1 1) (1 1) (0 0) (0 0) (0 0) (1 1) (0 1) (0 0) (1 1) (0 0) (0 0) (0 1) (0 0) (0 0) (0 1) (1 1) (1 0) (0 0) (1 1) (0 0) (1 0) (0 1) (1 0) (0 1) (0 0) (0 0) (0 0) (1 0) (1 0) (0 0) (1 0) (0 0) (1 1) (0 0) (1 1) (1 1) (1 1) (0 0) (1 1) (0 0) (1 0) (1 1) (0 0) (1 0) (0 0) (1 0) (0 0) (1 1) (0 0) (0 1) (0 1) (0 0) (0 1) (1 0) (1 0) (0 1) (1 0) (1 0) (0 1) (1 0) (0 0)
bool 101 (1 1) (1 1) (0 1) (0 1) (0 1) (1 0) (1 0) (0 0) (0 1) (1 1) (1 1) (1 0) (0 1) (1 0) (1 0) (0 1) (0 1) (1 0) (1 1) (1 1) (1 1) (0 0) (1 1) (1 1) (1 0) (0 0) (0 0) (1 0) (0 0) (1 0) (0 1) (1 1) (1 1) (1 1) (0 1) (0 1) (1 0) (0 1) (1 0) (0 0) (0 0) (1 0) (0 0) (0 1) (0 0) (1 1) (0 0) (1 1) (0 0) (0 0) (1 1) (0 1) (0 1) (0 0) (0 1) (1 0) (1 0) (1 1) (0 1) (1 1) (1 0) (1 1) (1 0) (1 0) (1 0) (1 0) (0 0) (0 0) (0 1) (1 1) (0 1) (0 0) (1 1) (1 0) (1 1) (1 1) (0 1) (1 0) (1 0) (0 1) (0 0) (0 1) (1 1) (1 1) (1 1) (0 0) (0 1) (1 1) (0 0) (0 0) (1 0) (1 1) (0 0) (0 1) (0 0) (0 0) (0 0) (1 1) (1 1) (0 0) (1 1)
char 101 (j l) (r j) (l p) (k f) (p a) (b t) (c m) (j n) (h g) (h f) (c h) (s k) (q h) (r o) (t b) (r n) (r k) (j s) (e b) (r f) (e m) (a a) (j g) (l j) (i g) (r b) (j n) (h f) (a m) (k l) (n c) (p f) (m r) (p q) (s q) (b g) (i d) (r m) (s t) (n i) (l d) (s n) (s q) (e l) (l h) (h r) (i r) (s a) (m p) (p m) (h j) (m o) (h n) (n h) (h p) (g h) (d g) (l t) (n r) (k q) (f i) (c c) (o l) (h t) (m e) (o e) (j q) (d p) (g h) (l k) (t r) (s c) (j g) (b m) (h m) (l r) (f h) (o j) (l b) (n p) (i i) (n g) (d o) (m i) (o d) (q l) (l o) (f n) (j p) (p o) (a r) (c s) (p e) (p g) (h n) (s r) (h q) (m k) (j c) (f n) (p b)
double 102 (6.96 1.55) (3.73 7.58) (8.7 6.88) (9.92 9.39) (0.62 4.78) (1.52 7.95) (4.66 7.74) (1.02 5.55) (8.94 3.33) (8.62 8.26) (4.76 0.56) (1.05 0.66) (4.35 7.33) (9.21 0.13) (2.71 7.93) (8.15 9.76) (4.12 6.86) (4.58 9.59) (4.38 8.44) (4.59 1.7) (8.47 4.66) (8.39 5.28) (8.1 8.98) (0.56 9.97) (7.56 0.12) (6.22 3.36) (2.1 6.43) (5.58 6.14) (6.68 4.83) (9.11 0.86) (6.67 2.13) (4.71 6.02) (9.76 5.53) (5.26 2.49) (5.35 8.2) (5.57 3.18) (3.53 7.87) (7.92 8.7) (2.24 4.64) (0.41 3.35) (0.38 9.43) (6.68 2.45) (1.9 0.01) (7.59 6.56) (1.11 9.74) (1.37 4.3) (8.67 4) (0.06 9.7) (4.22 9.75) (1.63 7.4) (7.86 0.56) (2.6 3.69) (9.89 1.75) (0.63 4.78) (4.22 3.09) (1.72 5.36) (4.68 4.58) (8.39 2.01) (0.21 9.77) (3.96 6.6) (4.91 7.83) (0.34 3.85) (3.15 7) (3.45 8.91) (9.99 8.18) (8.45 2.71) (3.27 4.56) (4.08 9.75) (7.15 7.72) (1.02 6.18) (3.03 1.47) (6.36 1.35) (1.06 0.44) (9.72 5.58) (2.75 6.75) (1.63 3.23) (5.29 7.55) (6.82 7.64) (5.95 0.37) (6.4 2.74) (5.04 7.75) (2.12 3.21) (2.15 9.92) (8.81 7.82) (9.66 8.77) (5.48 0.87) (4.96 2.87) (2.58 6.64) (6.76 6.79) (7.08 7.68) (0.23 9.2) (8.75 5.27) (2.86 4.28) (8.07 4.67) (8.28 3) (5.95 7.92) (5.34 0.85) (1.35 7.53) (8.61 4) (8.78 8.29) (0.07 7.49) (2.56 6.26)
int 103 (79 53) (53 25) (45 77) (13 7) (86 42) (10 60) (69 53) (11 9) (69 75) (93 44) (40 45) (81 99) (34 55) (76 71) (9 1) (89 90) (43 39) (95 49) (17 62) (84 45) (73 49) (65 57) (36 49) (24 31) (30 26) (25 73) (85 93) (84 91) (38 22) (20 33) (41 37) (78 39) (31 56) (12 5) (17 9) (45 54) (71 5) (83 7) (28 39) (54 62) (21 69) (18 27) (37 2) (38 19) (20 6) (5 93) (71 58) (90 92) (34 51) (44 84) (32 42) (51 75) (97 63) (57 54) (79 28) (72 72) (21 5) (88 35) (47 57) (3 44) (28 80) (54 64) (3 83) (58 20) (28 26) (85 51) (77 13) (25 42) (32 83) (4 95) (13 59) (67 38) (34 68) (58 45) (58 75) (96 14) (99 62) (75 69) (65 36) (25 16) (86 68) (65 76) (84 80) (25 97) (19 65) (99 88) (70 79) (67 59) (5 89) (96 9) (45 66) (25 77) (61 62) (28 58) (38 69) (40 64) (91 24) (18 77) (84 44) (58 53) (45 7) (17 5) (96 41)
char 103 (i g) (r i) (l j) (t j) (f p) (c j) (e l) (c c) (g g) (s a) (p a) (d i) (b q) (a o) (o t) (a a) (l f) (c m) (c t) (t d) (n q) (r e) (t a) (r q) (h s) (p e) (a d) (c s) (f t) (p j) (k k) (e e) (s q) (l r) (n m) (n t) (t l) (q c) (i m) (r q) (g g) (j b) (e a) (m k) (d t) (h o) (n b) (q c) (i b) (c e) (k s) (g a) (r g) (i h) (n c) (j c) (j o) (p h) (m o) (o b) (l l) (s i) (s b) (b i) (c e) (r i) (k m) (f h) (i s) (e k) (d h) (m j) (q n) (h e) (b n) (e g) (b e) (f s) (p r) (k h) (f m) (h i) (a h) (j i) (a d) (p p) (r j) (n r) (c o) (b j) (s r) (c a) (l o) (e c) (e c) (t k) (i k) (j m) (l d) (k g) (c h) (o k) (m p)
bool 103 (0 0) (1 0) (1 0) (0 1) (1 1) (1 1) (1 1) (1 1) (1 0) (1 0) (0 0) (1 1) (0 0) (1 0) (1 0) (1 0) (1 1) (0 1) (0 0) (1 1) (1 0) (0 0) (0 0) (1 1) (1 1) (1 1) (1 0) (1 1) (1 0) (1 1) (1 1) (0 0) (1 0) (1 1) (1 1) (0 0) (0 1) (0 0) (1 0) (1 1) (1 1) (1 1) (1 1) (1 1) (0 1) (0 0) (0 1) (1 0) (0 1) (0 0) (1 0) (1 1) (0 0) (0 0) (0 0) (1 1) (1 0) (0 1) (1 1) (1 0) (1 0) (1 0) (0 1) (0 0) (0 1) (1 1) (1 0) (1 0) (0 0) (0 1) (1 0) (1 1) (0 1) (0 1) (0 1) (0 1) (1 1) (1 0) (0 1) (0 0) (0 0) (1 1) (0 1) (1 1) (1 0) (0 0) (0 0) (1 1) (0 0) (1 0) (0 1) (0 1) (0 0) (0 1) (0 0) (1 1) (0 1) (1 1) (0 1) (1 1) (0 1) (1 0) (0 0)
char 104 (b k) (j p) (j m) (r m) (m n) (g s) (a i) (a h) (b o) (d f) (b e) (c q) (s q) (h s) (b m) (i o) (p p) (d f) (g c) (a a) (c k) (p m) (k s) (r d) (l m) (a s) (k k) (l f) (d g) (i s) (b t) (m i) (h s) (k t) (j s) (s l) (q t) (t a) (b s) (b t) (b c) (f s) (o p) (f f) (b k) (b s) (b k) (d e) (b i) (p n) (k t) (j l) (o m) (p i) (k p) (h e) (g b) (n a) (a t) (l k) (k f) (f n) (r d) (g j) (d l) (l e) (b a) (p g) (j m) (q o) (j f) (a r) (q g) (i c) (a d) (e g) (l r) (l e) (k t) (o q) (c o) (d k) (l l) (o d) (r l) (n g) (m j) (p b) (r i) (h s) (a k) (r d) (s k) (i a) (f f) (t t) (t s) (o s) (h a) (s l) (l b) (h f) (t i) (t i)
bool 106 (0 1) (0 1) (1 1) (0 0) (1 0) (1 0) (1 0) (1 1) (1 0) (1 0) (0 1) (0 1) (0 1) (0 1) (1 0) (0 1) (0 0) (1 0) (1 1) (1 1) (1 0) (1 1) (1 1) (1 0) (0 1) (0 1) (0 0) (0 0) (0 1) (1 0) (0 0) (0 1) (1 1) (1 0) (0 0) (0 1) (0 1) (0 0) (1 0) (0 1) (1 0) (0 0) (0 0) (0 1) (0 1) (0 0) (0 1) (1 1) (1 0) (1 1) (1 0) (1 0) (1 1) (0 0) (1 1) (0 1) (0 0) (1 0) (0 0) (0 0) (1 0) (1 1) (0 1) (0 0) (0 1) (0 1) (0 1) (1 0) (1 0) (1 0) (0 1) (0 0) (1 0) (0 1) (0 1) (1 1) (1 1) (0 1) (1 1) (0 1) (1 0) (1 0) (0 1) (1 0) (1 0) (1 0) (0 0) (1 1) (0 0) (0 0) (0 1) (1 1) (1 1) (1 0) (0 0) (0 0) (1 0) (0 1) (1 0) (0 1) (0 0) (0 1) (0 1) (0 0) (0 1) (0 1)
bool 106 (0 0) (1 1) (1 0) (0 0) (0 1) (1 0) (0 0) (0 0) (1 0) (1 0) (1 0) (1 0) (0 1) (1 1) (0 1) (0 1) (1 0) (1 1) (1 1) (1 1) (1 0) (0 0) (1 1) (0 1) (0 0) (1 0) (0 0) (0 0) (0 0) (0 1) (1 0) (0 0) (1 0) (0 0) (1 0) (1 0) (0 0) (0 0) (0 0) (0 1) (1 1) (0 1) (0 0) (1 0) (1 1) (1 1) (1 0) (1 0) (1 1) (1 0) (0 1) (1 0) (1 0) (0 1) (0 0) (1 1) (0 0) (1 1) (1 0) (0 1) (0 1) (0 0) (1 0) (1 1) (1 1) (0 0) (1 1) (0 1) (0 0) (1 0) (1 0) (0 1) (0 1) (0 1) (1 1) (0 0) (1 0) (1 1) (1 1) (0 0) (0 1) (0 1) (1 1) (1 1) (1 0) (1 1) (0 1) (1 1) (1 0) (1 1) (0 0) (0 0) (0 1) (1 0) (1 1) (1 0) (1 0) (1 0) (1 0) (0 0) (1 0) (0 0) (0 1) (0 0) (1 0) (0 0)
double 107 (3.48 4.15) (5.65 3.01) (4.67 7.42) (5.67 9.69) (6.66 9.97) (6.05 7.76) (8.83 0.92) (1.72 2.78) (2.58 4.4) (3.09 5.77) (6.9 8.96) (3.09 5.21) (6.96 9.85) (2.75 8.46) (4.45 5.22) (7.92 6.78) (6.62 3.07) (8.51 0.25) (2.23 7.85) (0.24 1.73) (5.29 3.54) (1.48 0.45) (2.25 5.97) (2.37 3.92) (7.28 5.92) (6.73 9.44) (2.21 6.63) (6.43 5.37) (0.3 2.54) (7.2 8.36) (7.04 4.71) (5.35 6.65) (7.63 6.67) (6.64 7.74) (6.13 9.23) (8.01 3.96) (8.73 4.71) (4.37 5.17) (2.49 6.21) (8.56 3.71) (3.74 5.77) (8.03 8.41) (7.52 9.8) (9.4 7.84) (6.9 1.4) (5.84 9.91) (5.36 6.48) (5.63 2.46) (9.01 9.81) (3.28 0.44) (3.61 6.16) (6.19 5.43) (6.53 3.72) (3.91 3.43) (9.99 7.4) (2.81 6.36) (5.9 4.99) (1.88 2.81) (1.94 0.16) (6.37 6.02) (6.96 7.73) (7.34 8.79) (1.33 8.98) (4.89 0.76) (6.92 8.34) (5.06 8.33) (2.42 5.4) (6.98 0.84) (1.68 8.78) (8.14 3.6) (2.46 9.48) (4.18 4.85) (5.18 8.35) (7.89 8.49) (2.95 9.41) (9.29 5.01) (2.21 5.08) (7.03 3.9) (7.31 3.08) (9.53 7.21) (2.05 3.5) (6.05 4.44) (9.68 4.26) (9.74 1.8) (9.33 6.58) (7.89 6.36) (9.86 8.45) (3.68 6.3) (8.29 4.31) (0.86 1.44) (4.01 4.79) (0.5 8.28) (2.34 1.18) (4.02 2.31) (0.24 4.75) (9.48 0.76) (1.63 0.12) (0.17 4.58) (2.33 3.79) (6.19 3.35) (3.81 8.36) (9.6 2.56) (4.51 5.27) (9.18 7.65) (4.42 3.58) (6.85 9.61) (9.28 3.95)
int 107 (37 68) (70 35) (68 95) (21 83) (26 14) (60 5) (95 62) (91 15) (24 70) (74 28) (71 84) (72 75) (36 31) (98 90) (55 40) (39 40) (95 95) (6 59) (1 93) (66 50) (33 3) (28 46) (97 30) (72 68) (79 27) (76 70) (21 31) (17 55) (10 58) (57 58) (61 4) (6 12) (71 3) (21 60) (46 58) (18 33) (34 1) (98 55) (68 58) (81 48) (78 32) (49 68) (22 62) (39 18) (50 33) (40 57) (15 66) (62 1) (90 79) (63 10) (17 83) (31 90) (65 19) (11 52) (81 97) (48 13) (5 8) (29 15) (42 17) (33 67) (57 76) (62 71) (9 64) (8 30) (78 3) (53 91) (41 50) (30 24) (40 56) (91 87) (20 35) (39 13) (98 80) (5 33) (40 42) (64 47) (35 58) (38 71) (13 56) (74 71) (63 21) (26 77) (17 19) (14 64) (74 62) (4 90) (57 92) (83 64) (31 38) (30 98) (75 53) (7 57) (93 90) (87 50) (23 10) (49 5) (33 67) (98 91) (40 34) (74 9) (37 18) (79 67) (89 88) (21 23) (9 57) (60 88) (33 64)
double 108 (8.71 8.18) (4.58 2.5) (0.63 7.44) (9.79 7.23) (8.6 8.33) (4.8 8.9) (2.17 1.69) (3.72 2.7) (6.33 1.68) (5.54 3.97) (3.09 5.21) (4 7.11) (3.91 3.69) (9.51 4.37) (5.32 2.49) (9.19 1.1) (3.94 5.88) (0.91 3.94) (6.87 4.74) (0.74 7.92) (0.64 0.06) (3.73 0.7) (2.97 0.13) (5.69 3.7) (7.73 1.63) (1.29 2.33) (5.44 1.08) (4.62 2.84) (0.93 6.75) (4.72 5.08) (0.04 5.45) (8.83 3.12) (3.97 8.5) (0.3 5.62) (1.73 1.64) (0.88 8.7) (5.25 1.23) (7.53 6.97) (3.67 8.15) (6.03 5.99) (0.24 8.04) (3.09 6.18) (6.18 3.26) (4.14 2.39) (9.05 2.29) (7.34 7.1) (4.23 3.19) (7.49 1.86) (7.75 0.08) (8.03 6.74) (4.79 4.02) (0.02 2.59) (7.6 6.55) (3.01 5.3) (8.25 9.89) (1.59 6.58) (3.43 2.06) (8.29 3.75) (6.84 8.24) (5.43 1.28) (7.83 8.85) (8.6 7.53) (9.21 0.43) (2.31 0.76) (1.63 9.4) (8.68 8.58) (6.26 4.75) (3.58 1.61) (5.75 5.31) (1.67 5.17) (1.66 6.79) (9.7 4.44) (3.4 2.46) (5.76 4.17) (3.2 4.25) (2.56 2.79) (0.43 3.31) (5.28 6.76) (0.14 9.66) (0.9 9.36) (6 2.02) (7.64 9.91) (3.69 2.52) (3.11 5.43) (5.88 7.35) (3.94 2.88) (4.23 6.26) (8.63 7.86) (4.62 8.95) (6.33 5.82) (4.39 0.17) (7.24 4.79) (8.83 6.43) (6.68 9.06) (6.36 8.24) (7.2 2.09) (4.29 1.52) (2.22 7.88) (4.97 9.79) (9.37 3) (0.67 7.94) (1.47 0.16) (3.15 4.47) (7.89 4.88) (8.28 2.25) (1.95 0.22) (5.07 1.47) (6.52 4.62)
double 109 (6.47 3.43) (3.14 8.8) (4.2 5.49) (1.35 6.57) (0.89 8.69) (7.83 4.64) (7.87 9.4) (6.04 0.95) (4.61 6.05) (3.19 1.35) (4.41 8.42) (6.79 5.63) (9.8 9.64) (2.22 4.69) (4.95 4.64) (2.87 7.14) (7.45 1.08) (1.04 4.36) (7.44 8.43) (6.97 5.52) (2.43 1.39) (5.55 1.69) (8.5 3.33) (7.8 4.31) (8.11 1.9) (1.73 8.19) (3.49 6.21) (0.89 8.41) (9.04 8.47) (8.66 9.6) (8.01 2.2) (2.25 2.44) (3.8 4.48) (4.39 6.85) (6.31 5.27) (3.61 1.24) (8.6 8.65) (7.03 6.5) (5.16 8.27) (6.1 6.59) (3.87 0.71) (1.51 9.39) (5.06 3.47) (6.92 8.85) (9.53 9.93) (8.96 7.87) (2.35 4.91) (9.68 6.13) (3.88 5.8) (9.66 9.2) (6.26 3.14) (0.82 9.5) (1.47 7.09) (4.76 7.78) (3.16 0.69) (9.49 9.86) (5.22 8.94) (4.6 7.94) (3.59 5.41) (3.37 2.46) (6.76 1.81) (0.95 2.64) (3.25 3.02) (7.05 8.99) (6.76 8.09) (1.34 0.1) (6.55 2.38) (1.28 1.29) (6.92 3.95) (0.41 7.84) (5.52 2.57) (3.78 1.56) (5.3 7.48) (5.04 3.55) (9.76 4.96) (1.76 1.01) (8.41 1.38) (6.89 2.68) (3.63 3.77) (1.29 2.1) (7.64 9.76) (5.02 9.78) (1.05 0.87) (5.96 9.35) (7.37 8.85) (0.21 1.32) (7.79 4.29) (6.01 6.94) (9.53 7.03) (0.17 4.32) (7.1 4.5) (0.05 4.4) (8.05 8.42) (7.79 4.37) (3.24 5.68) (5.86 7.38) (2.64 6.66) (8.44 5.43) (6.45 8.91) (5.43 5.2) (1.23 7.66) (3.29 5.53) (7.95 3.57) (9.84 0.62) (9.19 4.33) (8.38 4.64) (3.27 7.58) (2.14 1.05) (0.98 2.29)
double 109 (3.88 9.35) (0.21 2.58) (2.32 8.01) (2.84 4.12) (5.99 2.65) (9.39 3.47) (2.44 0.89) (8 0.89) (2.94 7.06) (8.44 1.07) (0.35 5.46) (7.07 1.92) (4.52 1.79) (0.32 9.23) (0.45 3.06) (1.75 2.45) (5.72 2.88) (2.69 2.6) (8.6 2.59) (4.75 7.29) (6.6 5.45) (3.44 6.98) (1.21 5.27) (4.58 3.75) (5.15 6.35) (9.74 4.12) (4.58 3.94) (6.98 5.13) (7.48 9.36) (3.81 1.68) (9.29 2.61) (9.1 5.3) (4.55 0.72) (1.44 5.5) (2.03 4.05) (1.46 5.06) (4.18 9.83) (1.25 8.32) (8.26 0.89) (7.65 4.76) (8.24 1.6) (1.53 8.4) (1.09 6.62) (6.03 5.57) (2.67 6.12) (7.53 2.8) (0.3 5.13) (5.72 2.28) (7.46 9.11) (9.59 2.51) (0.92 3.49) (0.28 5.3) (0.95 6.41) (8.55 6.72) (2.88 6.37) (3.92 5.22) (5.66 3.32) (0.12 2.73) (8.6 6.52) (5.25 2.94) (2.72 0.44) (3.15 5.95) (4.37 7.83) (5.84 0.78) (3.86 1.71) (1.9 7.88) (1.8 8.55) (0.11 6.3) (8.71 2.89) (1.94 2.59) (3.51 0.23) (1.26 3.64) (8.29 1.11) (2.04 5.78) (5.32 8.37) (7.28 3.7) (8.47 8.35) (8.76 3.11) (9.35 5.29) (2.73 1.07) (2.35 3.22) (2.98 0.14) (7.73 4.87) (0.82 5.19) (4.86 9.06) (8.94 6.79) (7.38 1.95) (7.31 1.47) (6.33 5.41) (8.56 5.59) (7.55 5.29) (6.81 8.46) (5.17 4.53) (8.76 5.95) (3 6.49) (3.28 7.31) (0.96 1.35) (8.73 6.47) (6.39 8.12) (4.15 4.74) (8.16 5.76) (8.25 1.36) (3.46 7.54) (0.11 4.6) (0.65 9.1) (3.38 8.93) (2.8 0.39) (2.22 6.53) (9.38 1.89)