23 5 4 8 2 6 5
22 5 1 5 7 4 9
17 6 4 8 11 1 2 5
72 7 13 2 10 5 11 6 7
75 7 5 1 6 13 11 14 7
87 8 10 13 12 7 8 6 1 11
18 8 15 16 8 3 12 7 2 14
46 9 17 1 12 8 10 16 6 9 14
32 9 10 16 4 8 11 7 18 9 6
56 9 11 16 5 17 18 13 10 15 9
57 9 11 12 2 3 1 16 8 9 6
69 10 5 8 9 12 1 15 17 20 6 14
63 10 13 12 3 16 17 9 1 11 18 10
60 11 6 13 22 2 15 4 5 20 19 9 14
53 13 15 21 16 7 5 9 11 18 12 1 19 25 6
30 15 6 2 7 21 26 9 29 18 3 8 5 1 17 4 23
60 18 4 25 27 22 12 23 11 1 35 33 18 19 6 26 9 7 20 34
118 20 6 4 24 17 35 15 23 19 30 3 27 33 25 2 26 21 29 16 20 11
150 21 38 22 3 39 28 13 23 29 33 24 8 32 5 10 21 17 25 37 34 31 12
181 22 5 8 9 41 19 14 27 20 12 24 18 36 15 30 38 11 7 35 31 28 29 1
98 23 15 10 44 4 8 26 35 28 13 29 23 38 37 21 25 24 3 14 18 34 31 6 39
25 24 26 8 18 22 23 21 1 31 11 20 42 5 40 47 9 36 34 16 3 12 2 15 48 27
117 25 2 43 20 38 22 50 34 48 3 15 14 5 23 11 32 13 24 7 4 40 45 12 36 19 21
98 25 4 12 3 29 38 13 39 9 6 23 26 1 31 17 50 33 45 48 40 28 43 32 25 36 5
175 26 16 28 12 45 33 17 36 34 21 22 11 29 41 30 44 9 1 7 47 31 48 19 40 50 8 32
50 26 18 37 1 23 32 46 5 3 16 51 47 24 12 11 20 26 28 45 8 21 13 43 30 9 7 14
170 28 30 23 42 33 27 14 34 43 39 46 24 55 7 5 19 35 13 26 36 45 54 53 41 32 25 11 38 17
366 29 41 2 58 45 19 53 49 20 35 9 4 48 56 40 11 1 12 42 37 34 14 57 15 16 10 13 33 55 21
106 30 51 4 12 52 6 2 31 54 47 26 60 11 5 42 1 23 37 49 15 10 38 56 29 45 8 40 41 57 50 13
128 30 25 45 10 34 36 35 13 40 8 1 42 17 38 54 22 39 56 24 26 29 18 5 53 12 19 4 6 9 41 50
285 31 29 22 59 39 21 7 24 19 27 17 37 35 33 36 4 32 54 9 46 41 48 28 60 51 55 26 6 3 25 5 44
166 32 36 1 46 51 31 40 53 44 43 28 60 2 26 62 20 42 32 19 50 18 54 27 38 13 35 7 57 17 22 30 47 4
271 33 46 10 17 24 61 37 48 62 57 31 14 52 19 2 65 29 3 43 35 51 40 22 13 6 9 36 1 11 60 27 53 44 25
330 34 20 49 50 16 21 60 31 7 61 46 10 6 33 34 32 12 27 14 39 28 2 55 19 35 44 26 65 24 3 4 59 13 67 38
177 34 10 31 43 9 28 19 59 33 63 54 50 27 45 25 18 44 4 6 11 58 68 22 39 16 52 7 56 35 21 20 49 48 34 37
158 35 35 62 14 36 17 3 66 59 1 13 47 49 54 7 4 20 65 43 19 25 40 8 12 6 27 30 31 68 11 39 69 52 44 64 18
188 38 55 20 16 40 9 60 46 12 30 31 51 28 66 74 21 15 11 32 70 67 8 64 33 71 23 65 57 59 52 58 7 25 34 43 6 3 27 38
164 39 34 67 3 64 19 71 32 37 70 52 23 27 33 53 16 40 2 57 39 11 21 10 41 50 17 56 4 63 54 43 75 9 13 58 6 7 35 68 66
194 40 56 64 51 16 12 29 44 68 9 48 18 19 73 20 7 70 62 3 54 69 38 75 79 22 6 10 52 45 8 57 13 25 14 33 76 1 47 77 55 60
334 40 12 26 37 33 8 47 70 68 11 49 53 38 34 63 59 29 36 65 39 44 4 58 71 66 16 52 79 14 80 25 64 73 74 57 32 50 55 24 51 76
133 40 47 72 57 71 59 22 24 77 64 35 62 38 37 36 15 61 2 56 34 50 13 45 21 11 70 43 3 65 67 48 49 4 17 5 23 76 28 8 80 30
420 42 23 82 68 16 77 3 46 6 11 45 19 32 5 30 24 18 15 62 28 52 64 83 55 17 8 36 43 2 29 49 40 71 80 63 66 25 75 65 47 51 4 26
310 43 8 33 67 25 1 56 45 17 81 12 63 41 64 22 18 40 72 16 21 10 42 28 13 52 79 15 39 54 78 37 84 57 80 6 70 49 50 82 75 86 43 9 65
303 44 44 81 88 72 34 57 9 8 79 6 21 16 4 74 47 84 64 86 50 61 51 32 76 59 73 18 22 12 69 77 25 36 68 58 3 11 24 78 48 62 56 31 55 49
236 44 5 65 3 35 12 6 72 45 18 54 57 40 77 42 88 71 16 86 24 14 63 31 21 13 2 50 22 66 17 27 39 51 48 59 32 79 37 43 26 41 10 69 76 23
232 46 48 86 17 19 87 30 16 63 18 69 33 45 42 67 65 56 35 50 70 88 57 34 12 15 43 68 14 53 58 24 13 59 78 79 66 49 29 62 22 32 23 82 10 3 92 5
157 48 84 42 74 93 88 82 25 15 70 85 23 79 30 75 11 80 64 69 22 67 8 52 48 20 55 68 34 57 24 91 36 47 28 51 63 6 61 86 27 29 53 2 92 35 76 50 19 40
395 49 5 40 31 30 49 62 83 54 82 79 63 65 11 64 85 50 32 22 23 96 41 55 95 33 42 77 93 27 24 69 51 57 52 17 67 43 59 97 87 90 70 21 86 72 48 18 8 74 44
298 51 52 21 38 27 35 86 18 59 16 60 83 76 11 68 81 34 4 78 51 85 71 82 69 22 50 40 61 2 33 23 43 72 62 29 46 9 28 17 37 100 13 91 63 92 55 47 48 90 80 44 6
221 52 92 54 15 20 62 94 101 36 78 76 66 5 46 24 34 12 72 49 21 3 22 79 89 1 52 44 67 96 19 80 100 32 60 56 16 95 41 69 86 23 74 25 14 4 82 51 97 47 99 98 57 93
338 53 91 70 15 69 68 62 101 3 36 49 4 8 57 47 89 61 86 9 76 83 98 13 21 104 19 78 24 6 87 29 58 32 40 39 53 59 97 11 34 77 60 93 90 92 106 99 75 50 103 23 67 38 14
260 54 45 27 76 99 42 11 26 37 102 61 85 86 47 84 53 13 98 62 6 103 78 40 29 63 101 74 59 64 52 91 9 21 49 68 44 35 72 16 24 65 5 3 87 14 95 8 19 73 94 66 30 23 10 39
167 54 40 60 23 55 6 74 21 20 92 63 32 44 27 7 102 14 11 64 8 77 78 24 42 54 10 98 96 93 108 73 12 43 86 17 9 87 106 45 36 48 16 107 80 47 58 62 37 69 35 72 67 15 30 29
168 55 103 89 74 99 71 46 31 92 95 77 80 19 101 107 67 97 45 5 14 50 10 48 61 21 13 40 58 109 78 55 98 75 35 54 15 68 76 59 6 3 49 96 110 53 25 12 66 11 44 8 94 73 47 18 28
257 56 48 105 72 25 9 93 19 14 41 31 13 55 24 60 56 12 76 46 89 64 73 26 10 51 84 29 81 59 77 11 103 62 108 83 50 2 33 16 18 53 40 3 4 101 87 21 96 100 102 75 80 68 111 38 22 107
371 57 34 55 59 22 23 14 4 12 38 49 110 54 21 56 7 90 94 80 97 84 1 98 17 46 69 8 13 31 48 57 32 103 82 91 64 95 25 108 113 50 67 24 35 19 62 42 40 44 65 107 10 92 76 3 78 101 39
281 58 70 64 2 26 48 47 98 37 108 16 109 107 97 13 84 76 114 54 58 71 67 32 5 45 10 78 34 14 80 8 29 95 43 55 51 53 21 83 94 22 7 11 73 100 52 35 42 86 20 75 101 105 25 50 112 96 57 27
406 59 68 87 79 46 118 5 114 59 27 28 92 55 69 37 75 31 3 110 109 106 67 78 58 111 71 100 61 17 89 102 49 29 93 88 45 24 15 115 60 25 105 70 7 13 53 16 77 50 96 84 14 39 76 107 36 104 112 4 6
377 60 80 69 12 45 38 64 119 71 53 94 114 108 47 21 18 73 56 22 27 105 66 61 46 98 33 13 31 59 77 55 85 97 82 92 19 86 106 90 40 110 102 5 112 74 35 24 37 42 78 88 115 81 2 39 99 72 79 63 7 57
161 60 67 104 63 56 27 8 83 106 51 70 105 75 23 89 10 76 85 43 90 79 17 45 4 112 103 1 33 47 120 82 48 7 115 95 119 66 5 61 59 86 29 19 53 110 25 78 38 16 72 22 73 62 28 40 96 97 65 107 31 64
310 61 118 85 88 18 35 49 1 16 23 3 114 42 63 12 104 61 96 83 68 121 101 30 77 111 86 79 50 98 40 90 102 20 57 108 21 26 31 38 55 34 11 122 10 37 4 81 99 107 82 94 47 25 105 93 7 9 100 73 45 103 72
377 62 24 29 18 106 97 86 13 39 40 78 25 58 66 98 59 51 60 102 12 116 67 89 74 122 47 99 45 41 83 22 43 64 31 26 4 11 27 93 113 72 5 8 109 57 80 21 90 120 19 69 96 76 94 3 52 117 1 30 100 115 32 92
405 64 103 123 22 61 27 112 9 88 70 86 8 107 15 13 93 79 58 104 59 14 65 69 60 38 126 78 16 3 64 111 77 102 80 24 30 94 67 75 42 106 28 98 7 84 99 39 19 95 62 11 90 66 74 52 1 36 85 82 43 113 18 127 23 110
303 65 109 41 102 51 111 53 108 93 16 103 94 60 72 88 115 63 12 97 38 87 50 13 44 18 35 59 68 90 71 80 104 6 100 24 9 57 29 43 121 105 114 78 86 26 33 5 77 37 55 39 101 58 14 106 36 10 49 95 83 74 3 116 128 2 75
265 67 57 51 75 109 107 60 98 15 72 20 96 120 37 78 40 55 65 113 9 73 3 106 110 90 49 117 62 81 18 114 91 14 67 129 119 108 94 82 44 131 112 102 22 128 71 56 19 85 23 48 45 126 93 68 133 39 123 77 21 115 79 24 8 12 88 11 13
204 69 113 91 109 22 123 74 114 86 122 87 67 43 103 70 61 77 99 137 84 32 95 6 4 62 105 30 96 104 12 138 52 83 119 80 128 69 89 35 94 115 26 48 132 131 15 110 130 42 34 28 38 106 71 76 53 9 55 21 51 47 92 50 8 135 29 81 116 16 66
341 69 125 135 59 55 47 20 92 24 28 84 3 29 138 89 49 123 104 44 77 83 1 57 114 101 36 127 105 67 58 26 61 19 90 110 78 68 21 79 2 112 130 88 115 54 50 46 43 6 107 9 87 64 34 71 40 126 45 113 4 117 106 11 51 38 18 23 35 17 42
362 70 87 75 44 22 77 108 1 103 16 129 110 14 41 80 91 136 72 42 68 19 65 79 46 7 56 33 5 92 37 17 43 105 36 90 23 113 124 118 26 83 140 32 122 34 126 121 117 100 47 112 12 115 53 29 114 55 127 116 125 88 49 73 30 50 93 96 119 54 94 27
698 71 85 29 8 63 69 36 135 45 30 124 86 24 142 125 48 55 80 119 132 136 84 120 101 82 14 51 74 78 65 90 6 43 22 31 59 137 13 7 28 76 44 73 72 75 116 61 50 25 52 70 114 60 123 103 46 81 93 33 140 58 16 89 54 66 56 134 106 92 130 118 113
479 71 77 114 75 28 46 34 93 125 113 54 70 33 5 40 86 13 48 43 76 2 127 128 137 29 105 12 130 80 95 64 94 133 53 35 102 83 97 39 24 7 87 18 44 73 138 88 107 134 25 56 141 4 20 74 21 58 96 139 90 15 22 68 89 123 55 71 62 16 101 11 8
245 72 89 52 136 79 99 15 111 5 130 11 82 42 116 84 144 62 40 107 102 21 106 74 100 14 13 12 1 27 135 88 129 67 124 26 24 131 114 53 75 58 4 101 85 96 25 139 108 69 105 113 137 23 55 98 68 47 18 94 22 93 20 73 104 71 117 86 97 16 110 60 41 8
796 74 47 89 97 93 11 117 48 73 59 135 18 94 114 23 143 62 109 131 110 81 42 129 78 90 4 64 9 15 127 92 132 43 44 145 66 126 70 31 104 99 80 68 30 53 39 7 25 147 116 98 112 57 27 1 103 106 12 54 119 137 76 141 24 144 111 22 148 46 63 79 133 118 84 108
155 75 38 77 8 33 109 40 146 132 102 78 89 19 131 101 39 129 76 140 138 53 79 1 72 93 126 32 43 31 113 137 84 68 91 112 128 106 98 57 149 65 4 11 105 116 66 133 37 3 103 80 41 88 117 10 64 71 14 42 21 120 58 142 24 59 104 52 50 48 73 127 63 27 62 15 44
466 75 7 133 112 137 121 40 9 110 141 115 100 142 32 147 136 148 53 23 120 44 119 129 127 2 135 48 146 33 98 81 14 24 18 139 125 118 74 114 143 123 3 26 20 97 56 106 65 99 76 128 62 39 16 50 37 12 55 36 70 41 35 132 105 43 51 72 64 103 87 75 60 69 134 10 124
185 75 4 3 68 127 135 121 117 126 46 19 9 42 111 22 105 26 104 32 34 116 137 148 107 95 65 33 139 129 106 78 8 37 130 10 47 85 128 112 87 125 27 79 64 61 113 119 108 59 16 102 56 50 110 39 18 45 35 69 77 138 146 7 101 100 147 2 52 13 70 144 122 131 23 71 75
797 76 147 68 148 3 29 2 20 119 23 6 14 15 41 134 44 25 40 85 76 71 82 73 52 137 116 127 45 67 126 39 78 118 151 47 26 99 84 50 46 108 56 59 60 42 145 65 30 141 140 113 11 7 107 121 57 120 79 130 24 98 111 97 8 63 117 94 149 4 62 37 106 122 129 28 90 103
178 77 50 72 25 2 122 70 121 123 111 99 63 92 1 4 107 85 95 5 138 154 21 14 86 39 126 89 130 150 55 53 19 80 119 41 113 10 110 100 40 104 106 32 59 13 93 118 91 48 37 141 47 127 144 74 137 68 36 45 151 143 131 3 81 7 46 90 34 115 114 64 26 97 108 15 124 52 94
226 78 33 148 69 93 10 103 15 46 139 145 149 41 61 94 9 136 63 107 68 8 142 124 83 19 53 86 75 26 106 16 109 13 44 90 112 115 14 22 2 55 49 45 20 88 40 141 99 30 51 42 117 140 143 146 101 127 17 78 58 82 154 62 132 120 119 48 7 71 113 102 80 147 76 3 23 122 67 144
122 78 31 88 153 137 152 105 53 74 121 37 149 15 39 43 84 94 65 144 60 5 48 96 142 49 78 131 73 50 68 13 58 87 69 106 76 103 22 97 150 36 118 91 75 111 17 3 16 86 80 95 141 100 115 64 42 14 145 9 12 10 82 112 29 128 30 26 119 19 34 47 51 81 27 61 151 55 134 139
282 79 138 120 139 33 99 140 102 119 9 69 77 25 126 15 29 37 131 104 59 11 152 100 89 42 143 26 1 128 123 35 52 36 106 127 71 62 83 145 108 19 7 16 14 107 63 151 88 147 4 82 118 134 17 136 144 76 30 49 39 3 111 54 22 109 130 132 23 142 74 73 116 46 133 68 141 110 122 124 94
275 80 13 48 30 18 142 3 25 73 126 158 119 9 27 136 12 127 129 100 88 75 149 49 94 89 46 141 150 51 23 37 125 155 57 95 58 109 38 138 66 132 128 121 72 33 62 85 60 112 145 24 35 53 83 28 120 105 124 103 146 147 81 69 7 98 2 50 63 31 61 110 55 118 86 139 114 8 1 107 45 160
269 82 25 85 157 105 57 21 98 16 134 45 18 36 86 67 135 136 114 142 128 111 125 5 13 115 140 1 123 22 20 65 8 162 159 89 156 40 3 30 91 109 97 106 50 4 53 11 121 144 49 77 131 148 146 150 164 103 51 81 145 34 78 29 46 96 63 153 141 116 160 101 84 12 104 55 32 38 52 68 2 152 151 37
403 82 54 158 115 150 141 40 137 73 82 118 2 3 127 112 46 117 96 123 16 120 7 15 157 6 164 78 151 72 109 43 107 94 99 26 146 55 155 134 104 102 13 56 5 88 52 50 108 103 159 140 20 154 128 25 53 71 161 24 76 37 4 113 66 19 129 111 133 49 23 152 89 144 83 38 34 148 135 68 122 121 80 95
865 83 137 63 60 40 55 130 98 133 69 95 86 50 35 20 7 43 76 72 123 16 87 15 156 61 49 11 26 114 155 2 81 54 125 23 58 143 145 129 102 33 77 99 27 138 39 65 97 92 9 164 153 37 131 118 57 139 3 82 41 146 105 45 84 42 166 75 148 91 94 85 126 19 48 113 140 66 59 89 111 121 159 51 71
405 83 85 28 2 143 59 5 132 126 87 8 137 155 32 123 13 19 111 160 94 72 27 162 71 52 3 20 99 165 114 159 154 6 157 57 56 112 41 80 88 78 138 103 35 73 29 22 23 146 158 92 17 140 145 9 93 40 109 130 107 122 108 46 25 18 96 10 61 50 34 67 115 4 105 77 74 70 24 166 62 39 84 95 82
511 84 83 95 108 36 57 141 144 110 135 161 157 41 151 100 159 13 53 19 45 168 167 29 101 72 56 63 82 76 90 43 60 67 5 31 158 70 152 58 99 65 156 48 98 88 128 40 134 105 68 47 109 16 154 42 91 23 6 125 118 97 132 153 62 59 86 160 131 111 165 92 28 106 85 113 142 150 117 136 93 10 124 21 89 3
826 84 48 44 82 19 93 100 87 96 106 14 29 21 81 128 10 103 24 130 6 40 89 39 166 121 67 26 138 3 88 105 70 104 118 136 161 45 5 52 7 18 135 122 20 163 90 55 151 16 114 140 132 58 101 72 131 66 4 143 64 35 160 54 139 28 155 1 15 110 168 33 36 60 61 99 97 32 149 71 25 85 120 59 68 42
259 85 155 92 126 72 133 88 60 98 100 143 127 89 97 39 19 28 156 68 121 14 8 76 93 122 56 38 169 66 12 116 107 13 35 114 101 95 99 15 6 110 112 102 145 26 29 119 157 152 147 77 54 55 58 163 22 132 144 159 170 2 96 11 113 84 62 148 162 153 151 83 3 149 165 103 90 111 57 64 158 87 75 9 50 124 34
692 85 161 157 73 85 134 38 68 166 77 4 83 121 8 27 53 20 10 55 146 31 98 43 138 115 24 74 101 33 125 75 7 139 99 22 100 152 160 117 93 169 155 80 1 5 162 103 46 37 51 102 148 57 13 120 6 49 21 50 87 45 109 62 153 112 150 140 106 129 76 126 23 127 63 44 18 26 58 34 111 54 164 128 15 141 131
528 85 24 78 155 97 27 126 2 12 4 96 41 68 50 105 158 53 145 160 58 15 135 42 167 6 128 142 91 37 92 18 152 52 123 69 153 23 102 157 124 34 76 86 100 57 89 31 47 59 101 25 119 30 103 156 75 65 130 144 21 83 140 11 146 118 139 149 163 61 56 49 5 108 85 13 122 116 43 115 113 141 132 48 35 33 117
455 86 149 28 157 65 23 62 22 160 26 48 54 98 127 105 68 139 27 151 118 156 69 159 53 43 32 18 77 129 63 70 155 16 64 46 138 57 172 90 115 142 29 140 55 147 87 12 103 8 141 21 96 78 150 99 163 133 162 38 47 49 122 154 161 34 83 4 108 1 71 112 167 136 36 153 94 144 104 45 44 52 74 82 158 35 42 93
240 87 47 65 62 127 35 161 17 97 1 149 135 22 121 143 120 78 20 125 166 105 155 82 156 119 26 23 126 11 28 58 102 49 157 134 54 56 66 128 136 44 174 39 137 16 50 118 131 7 164 96 21 74 81 80 154 77 123 130 45 59 87 31 89 122 167 116 158 147 79 53 64 30 138 101 6 75 8 168 146 103 41 95 27 107 42 94 72
472 87 33 126 31 173 54 110 125 36 131 157 113 7 63 155 61 24 86 22 97 38 69 16 99 79 5 108 62 67 89 28 144 1 47 95 165 169 37 153 104 130 146 87 114 147 129 109 3 76 17 25 140 141 27 6 30 41 159 18 64 107 134 156 123 112 35 70 51 13 164 45 90 158 94 137 174 166 171 85 65 170 120 46 81 39 102 4 92
305 88 66 145 134 85 153 166 127 69 22 95 55 129 121 93 124 99 115 28 109 104 84 141 51 73 122 102 50 174 6 3 140 15 116 168 76 23 120 159 111 67 29 63 40 1 176 167 53 113 10 38 131 8 117 41 172 157 26 72 92 152 77 144 150 71 151 5 16 86 62 35 81 130 42 163 7 125 70 101 147 123 17 155 13 90 88 58 156 138
660 89 85 168 82 54 55 111 122 23 52 169 80 139 59 98 2 86 150 43 20 131 109 53 170 60 68 155 70 115 135 156 7 94 63 64 77 44 99 161 38 58 151 106 13 105 14 74 144 178 4 24 5 41 35 133 66 51 141 39 84 40 126 79 95 173 157 33 147 46 176 146 47 116 120 90 154 1 93 91 125 72 15 65 171 17 73 42 127 89 162
399 90 144 71 16 95 61 151 91 101 58 173 125 110 42 170 35 180 153 145 48 137 5 29 24 74 47 50 69 155 152 143 31 36 98 157 108 14 7 4 89 72 150 159 172 13 57 17 141 30 100 18 86 103 177 45 9 10 176 68 94 166 38 62 41 133 64 82 104 53 113 85 11 162 40 37 44 46 130 92 121 80 49 167 26 138 111 87 19 99 102 120
881 93 76 53 4 14 39 32 30 114 181 3 19 142 168 175 80 44 177 169 11 131 87 171 103 141 120 94 118 109 8 23 152 71 29 49 179 2 66 174 162 20 95 119 57 86 148 121 1 134 15 46 70 91 96 138 65 156 25 149 107 18 73 13 145 158 27 164 130 166 105 112 58 83 82 133 154 111 170 110 176 31 84 92 113 93 146 59 38 54 153 17 182 102 100
277 95 71 10 117 140 126 97 79 68 148 29 93 4 151 88 19 134 108 124 166 96 13 141 31 81 177 101 55 32 53 145 36 74 111 176 103 180 121 52 138 171 92 169 44 39 109 17 147 72 123 182 113 168 90 183 3 174 22 20 110 24 18 75 128 64 50 34 57 98 189 144 15 158 78 58 152 149 77 11 164 87 170 135 61 162 2 86 45 157 8 139 67 142 100 69 9
517 98 101 43 78 159 194 98 191 74 26 50 162 85 100 3 65 4 37 9 47 103 52 70 90 153 137 20 110 58 36 109 41 40 13 144 88 35 81 184 8 75 141 133 146 172 45 175 63 123 55 132 49 24 53 158 135 129 138 116 68 170 32 134 112 38 102 16 59 87 107 164 161 77 131 15 99 105 91 114 21 113 48 139 121 42 195 97 185 119 92 28 73 165 126 80 188 154 181 196
293 99 2 142 157 154 66 110 189 184 175 12 164 127 97 3 34 166 40 4 58 16 194 87 25 135 96 115 83 117 64 116 54 79 191 84 23 144 51 47 121 95 31 156 152 179 65 169 77 80 134 171 57 181 82 69 39 5 148 32 190 153 11 98 104 26 30 120 129 130 29 52 21 88 71 113 160 48 170 43 151 183 177 46 49 196 101 155 63 137 165 75 22 125 180 73 41 67 18 93 114
