int 10 255 509 637 790 964 63 638 953 273 690
int 11 168 79 949 301 782 819 39 610 739 260 879
int 12 203 837 556 722 802 902 99 591 704 877 508 919
int 13 63 449 15 392 11 659 698 198 989 99 437 174 619
int 17 484 357 478 720 186 784 470 374 742 732 155 324 184 705 65 19 234
int 18 413 709 305 777 446 456 767 889 728 407 839 170 771 251 435 83 129 200
int 19 813 968 41 630 546 713 682 804 754 404 690 498 165 819 446 926 858 264 365
int 20 675 110 750 570 359 28 867 532 888 597 494 695 992 101 290 954 894 805 980 928
int 21 930 148 234 498 565 933 398 638 970 376 920 314 805 38 434 621 384 803 392 306 222
int 21 970 839 688 266 401 25 476 796 717 499 669 805 546 621 281 736 671 727 225 495 785
int 21 813 55 345 522 916 829 721 372 987 378 275 299 165 398 824 73 574 186 416 487 466
int 23 495 682 676 610 235 989 885 806 269 261 758 434 419 312 505 59 415 366 670 202 132 242 556
int 24 142 795 84 563 688 697 606 112 885 44 174 196 169 228 600 63 494 829 10 118 775 391 11 469
int 25 453 312 813 23 882 861 217 161 745 542 272 809 920 180 719 535 765 953 397 997 394 341 19 86 737
int 25 136 291 719 468 531 734 205 344 320 740 467 884 847 897 91 218 783 908 337 342 36 922 947 665 714
int 26 257 739 708 365 906 826 634 132 66 841 171 837 41 353 932 182 142 52 124 391 612 597 852 430 530 873
int 26 116 889 467 732 144 928 357 744 274 585 413 598 687 145 971 123 976 600 163 710 653 496 947 660 933 128
int 26 473 620 83 723 807 326 376 306 224 546 377 408 186 395 722 859 89 680 472 289 731 492 532 853 945 940
int 27 551 436 66 298 462 510 702 560 643 575 342 897 710 866 199 829 735 77 742 386 426 402 962 51 781 955 932
int 27 177 281 690 430 129 695 447 29 549 250 200 4 705 153 346 838 778 824 219 554 532 100 638 565 83 181 262
int 28 241 208 597 481 19 623 675 321 949 610 49 642 710 856 250 20 788 317 784 338 902 331 246 619 104 472 497 15
int 31 178 805 636 755 197 21 527 487 476 705 66 844 109 948 757 223 281 558 59 68 313 899 768 93 19 657 91 319 627 82 233
int 34 831 332 154 716 860 815 787 516 901 807 476 984 981 274 766 804 512 298 404 450 718 445 685 86 861 584 350 458 898 430 780 925 802 566
int 34 694 168 254 353 206 653 893 558 269 100 21 907 586 537 74 533 580 688 114 211 401 173 976 543 577 835 153 555 22 229 394 838 472 630
int 35 448 613 339 165 244 652 215 845 818 48 985 231 434 768 482 637 101 504 319 981 518 998 42 574 24 729 115 459 725 229 299 225 749 733 976
int 36 788 261 295 18 671 387 576 848 684 58 642 500 509 356 653 357 424 719 689 856 329 301 956 150 491 191 764 737 962 532 4 872 640 224 71 738
int 37 627 723 612 19 162 110 812 678 139 508 38 119 934 481 927 614 290 54 111 824 624 224 524 362 489 924 671 325 664 316 163 886 783 722 67 17 432
int 40 323 232 535 430 224 280 864 239 744 338 644 647 387 910 102 456 217 761 290 135 364 509 475 545 916 574 558 469 312 106 493 191 494 918 697 517 579 590 100 423
double 41 3.52 8.3 1.3 8.36 5.07 4.35 2.07 4.62 0.36 0.88 1.96 4.72 1.41 5.37 6.03 0.21 8.44 8.18 4.64 4.78 4.96 4.11 0.42 4.47 5.95 2.95 6.41 2.41 6.29 0.39 5.02 7.81 7.96 6.23 3.7 3.9 7.48 9.37 2.57 1.45 5.04
int 41 317 634 614 505 606 664 551 241 593 396 941 81 322 648 770 379 228 890 215 819 953 992 684 328 697 309 259 892 591 49 154 492 874 204 471 231 383 484 748 637 353
double 42 5.57 6.35 7.84 1.82 4.61 5.73 2.18 7.93 4.51 6.88 3.29 9.02 2.43 7.6 2.17 7.59 4.22 6.3 3.81 5.02 2.96 2.69 7.06 9.43 7.99 2.11 1.39 3.73 1.4 5.59 1.85 3.54 0.89 7.39 8.78 6.47 8.01 5 1.17 5.71 2.01 1.29
double 43 7.34 2.22 3.09 8.48 2.05 1.51 2.27 5.26 4.77 8.34 1.93 4.59 8.93 9.35 5.82 5.88 0.83 9.13 8.08 8.9 6.84 9.41 8.44 7.65 5.86 5.76 7.85 5.97 4.01 6.46 9.93 9.89 9.2 6.33 5.38 3.54 9.78 9.55 1.84 3.64 7.68 0.88 6.95
double 43 8.37 2.7 5.98 0.69 0.04 9.43 9.14 5.2 9.88 7.78 5.75 1.06 8.34 1.02 5.1 8.55 3.74 8.81 2.28 0.46 6.16 2.26 5.18 9.71 6.54 9.36 2.69 5.7 5.72 9.76 8.91 6.78 8.53 5.07 1.36 9.55 0.91 5.91 1.53 0.28 7.31 3.87 6.24
double 44 8.55 1.93 9.93 2.05 4 5.4 6.84 2.14 7.08 4.88 3.88 5.47 0.4 2.04 7.5 9.61 6.41 4.37 8.13 5.43 0.31 0.83 3.94 7.63 2.12 2.99 0.04 9.72 0.23 0.39 1.55 6.39 8.24 7.25 0.97 3.14 4.25 1.17 8.43 1.28 1.37 9.26 4.52 9.4
double 45 3.62 6.57 3.4 4.95 4.96 4.72 6.03 7.56 0.56 1.08 9.53 5.33 2.5 7.35 6.44 7.89 8.1 0.93 8.41 6.35 7.14 4.02 9.89 5.51 4.78 2.49 0.78 8.81 7.76 5.3 3.04 9.93 1.72 3.02 9.88 0.34 8.15 4.76 2.75 8.93 4.86 7.24 1.43 4.71 7.59
double 46 9.38 2.03 1.95 3.01 7.16 8.28 4.06 7.78 1.56 0.38 5.19 8.42 2.84 4.41 8.72 3.86 6.26 4.03 4.6 6.9 3.48 0.02 3.04 6.84 3.5 7.05 6.36 5.44 2.87 9.08 0.79 8.31 5.83 1.78 5.09 4.02 4.61 2.15 6.25 6.37 6.81 6.58 5.21 1.22 4.7 3.42
double 48 9.3 3.93 5.82 9.02 2.76 5.28 0.3 1.2 9.12 5.55 0.55 9.33 0.93 0.62 8.44 1 2.01 6.96 1.07 7.61 8.73 5.1 0.97 7.58 1.28 1.41 4.07 2.27 4.76 4.24 8.68 3.3 8.04 5.03 3.78 8.38 6.95 0.89 5.91 7.89 7.3 1.36 2.79 9.19 7.73 8.46 2.55 0.32
double 49 6.11 7.08 7.42 7.62 9.1 4.5 9.42 4.73 8.72 9.5 6.93 8.05 4.71 1.61 2.49 8.47 7.49 6.75 6.57 7.67 9.17 2.88 7.06 4.97 0.05 8.46 9.15 7.65 0.6 6.41 2.31 6.23 3.12 1.3 5.31 2.8 6.65 9.47 2.18 5.69 1.85 1.06 0.26 1.48 3.42 9.45 8.51 8.57 9.05
int 51 26 674 213 78 566 157 84 123 159 658 406 855 323 250 153 647 50 878 264 24 827 548 421 384 797 57 369 986 743 290 784 920 401 579 7 256 825 172 792 994 367 670 2 781 809 202 741 635 523 368 197
int 53 100 438 156 499 118 817 639 950 291 308 721 754 565 325 286 262 930 392 889 375 619 654 107 954 961 911 390 505 602 422 26 87 873 41 901 634 397 514 139 493 776 188 615 413 77 426 205 990 305 877 349 282 875
int 53 54 450 844 429 869 406 399 411 684 788 1 272 383 856 580 717 919 619 713 200 610 319 548 763 644 781 624 917 20 954 725 331 981 658 436 213 180 729 366 215 367 327 344 65 142 708 563 967 705 164 663 29 364
int 53 757 818 251 880 47 249 105 601 220 169 364 948 550 349 996 348 210 332 191 704 711 944 165 998 607 134 234 24 772 698 872 62 389 972 898 623 64 800 478 924 543 464 59 833 870 176 635 201 764 725 371 859 812
int 53 615 769 407 157 748 629 731 392 239 885 130 816 833 362 920 836 374 943 879 74 656 167 311 205 911 782 689 202 932 508 772 463 430 77 382 146 681 810 721 882 160 26 488 148 858 695 525 105 978 421 590 680 789
int 55 632 711 204 652 550 673 507 304 978 52 572 266 477 833 453 43 458 717 357 500 12 342 40 624 998 848 244 596 626 210 431 162 559 421 49 884 182 988 928 768 38 70 88 35 943 466 105 222 685 58 937 615 322 973 27
int 57 577 607 841 84 336 676 47 408 731 840 765 213 500 170 593 143 190 223 144 427 514 508 419 60 600 357 46 436 237 839 161 290 812 88 530 309 133 454 111 114 538 307 998 904 66 576 404 698 163 234 138 983 891 312 125 366 123
double 57 7.61 9.64 7.72 6.15 8.26 5.61 0.59 2.94 7.85 8.17 9.61 6.93 9.03 8.15 2.35 9.23 9.68 3.87 2.33 6.69 1.21 2.36 8.06 8.63 7.26 1.85 2.43 9.6 0.92 5.57 8.55 7.35 5.17 7.93 7.82 3.59 7.81 7.5 7.12 1.53 2.4 1.89 3.12 3.17 2.16 8.66 6.44 4.32 6.96 5.92 3.21 3.98 1.31 2.17 8.87 4.82 6.36
int 61 460 529 589 174 867 847 573 575 771 966 922 24 834 224 863 297 431 601 332 571 893 362 135 182 635 745 355 807 712 840 383 548 223 969 872 661 32 271 626 777 301 311 259 764 620 378 711 330 231 647 333 703 67 243 504 446 864 487 194 676 851
int 61 377 175 120 386 179 16 401 548 489 836 227 952 299 627 132 542 961 978 277 565 438 670 234 869 353 501 104 139 323 677 862 295 410 157 428 303 849 218 357 902 39 403 837 779 380 580 920 594 738 758 557 267 828 685 217 697 349 407 726 33 200
int 62 161 937 870 159 524 366 704 923 19 29 587 942 457 759 186 690 505 616 35 295 687 499 774 684 568 97 135 562 456 187 593 850 841 10 385 724 288 962 842 263 56 197 92 848 88 405 237 313 603 741 786 652 16 482 746 919 678 713 819 1 154 775
double 62 6.12 4.01 3.37 9.48 9.54 0.38 8.63 3.41 0.67 3.02 2.4 2.22 7.47 5.05 2.92 7.55 4.35 8.35 0.9 0.35 0.99 0.61 8.83 2.59 3.69 3.95 6.47 9.61 6.3 0.09 4.89 7.37 9.69 1.75 2.69 1.05 8.24 8.18 5.01 0.02 3.2 1.36 8.82 7.56 9.26 4.83 2.05 8.06 9.56 9.88 5.5 8.41 5.18 4.03 7.67 8.19 6.62 1.69 0.1 9 9.28 5.12
int 62 219 959 48 171 439 340 983 538 611 235 800 168 746 915 283 259 71 477 276 641 497 676 812 300 592 133 644 107 834 669 407 842 260 819 769 288 608 144 986 851 83 748 558 701 122 685 859 603 33 873 166 749 115 432 622 267 178 660 740 188 714 704
int 63 360 105 134 83 679 355 60 560 333 731 653 777 699 706 100 461 884 123 803 450 501 113 760 305 340 726 847 228 566 154 55 708 281 898 891 216 974 756 670 442 944 855 35 76 153 439 836 258 986 922 49 408 147 544 711 458 614 600 549 939 430 71 283
double 63 9.03 9.12 3.83 5.16 8.47 5.54 5.58 2.08 2.26 4.14 9.73 9.37 8.53 1.94 1.73 6.09 0.89 2.14 4.65 6.38 3.05 2 9.43 4.25 9.65 7.04 1.01 6.69 4.01 1 2.38 1.96 9.06 2.02 8.34 0.55 5.52 3.41 1.67 2.84 8.29 6.67 5.14 4.82 8.23 3.5 7.42 3.42 1.81 9.89 8.19 6.95 1.74 1.99 6.89 5.67 5.62 0.61 8 8.18 5.82 0.18 3.22
int 64 569 148 520 253 834 426 856 99 992 586 525 374 146 844 691 603 559 454 495 533 938 583 983 989 210 922 615 30 702 31 555 573 382 37 652 969 365 421 517 977 974 906 776 982 737 39 783 610 413 456 354 419 151 181 321 105 275 349 850 722 18 372 592 457
double 65 9.01 7.47 9.22 5.52 1.33 8.83 8.18 2.26 7.32 0.54 9.62 3.88 1.37 9.47 0.84 2.3 5.91 0.05 5.2 7.16 2.85 3.4 7.03 3.33 0.06 0.36 4.75 3.86 8.96 3.35 7.41 2.94 7.33 9.1 6.91 7 0.64 5.22 3.46 6.79 8.32 7.07 6.9 2.33 8.26 5.99 2.05 1.66 6.44 2.43 3.56 7.4 3.24 4.42 8.58 0.93 4.34 6.58 5.23 4.67 9.53 5.83 3.59 0.75 1.83
int 65 16 939 384 156 68 113 992 785 867 84 512 518 132 262 436 533 75 284 389 854 56 889 724 12 135 194 670 21 509 628 873 201 562 212 58 740 608 976 808 494 338 335 438 493 540 960 824 370 709 221 791 225 47 669 54 3 405 828 292 857 577 823 538 224 671
int 65 249 876 873 291 609 237 153 119 652 344 193 764 799 476 721 510 923 17 983 484 557 129 901 698 953 584 937 100 972 539 587 383 617 188 642 333 781 553 960 146 474 318 92 465 88 49 757 899 227 647 152 493 735 334 503 468 803 246 127 740 718 910 23 855 392
int 67 627 271 576 933 218 329 949 347 788 57 285 662 423 928 840 762 294 391 115 386 791 188 442 163 388 879 829 417 203 122 194 691 939 405 634 588 677 898 844 212 431 648 953 868 32 395 103 736 696 980 339 653 476 983 826 804 783 821 486 125 915 824 441 720 842 812 577
double 69 7.9 9.96 6.29 1.34 5.9 6.8 9.72 1.83 9.61 4.13 1.38 1.18 9.25 9.49 9.22 5.58 8.12 4.02 2.86 8.5 7 8.91 6.84 1.71 2.88 6.04 8.88 0.18 9.17 9.01 2.03 3.37 2.41 8.39 4.49 8.99 0.24 7.46 3.54 6.51 6.86 7.42 4.34 2.3 3.3 6.12 9.39 0.88 4.72 4.97 0.84 0.47 7.54 2.45 5.74 3.63 7.6 9.79 0.26 8.6 2.38 7.95 0.59 5.34 5.12 5.14 2.28 7.01 2.91
double 69 1.12 5.12 9.87 0.53 1.8 4.88 9.18 7.77 1.26 1.48 1.02 9.75 6.48 9.2 1.72 5.51 8.38 0.79 0.69 3.78 8.66 8.03 9.37 3.64 7.9 9.52 5.31 0.22 8.63 4.05 5.4 9.51 6.99 4.07 6.14 3.67 7.43 6.23 8.37 3.32 0.87 2.13 2.91 5.16 7.01 3.54 6.07 0.49 6.17 7.41 8.86 4.31 0.37 2.84 3.06 5.54 6.66 4.9 7.93 5.33 2.31 7.63 6.77 3.97 8.29 0.02 8.84 8.7 1.95
double 71 8.88 1.42 9.63 1.56 5.5 2.93 1.1 8.36 0.56 6.87 7.62 6.05 7.21 8.23 9.18 4.03 5.61 6.47 8.6 0.93 8.7 0.4 7.7 1.14 7.9 0.97 7.28 3.72 0.57 0.17 9.35 9.16 4.23 9.41 6.53 7.08 7.93 2.72 5.08 8.32 7.1 3.28 7.32 2.31 3.46 3.93 2.16 6.3 5.77 9.42 7.23 8.16 3.47 0.05 7.17 4.33 0.16 1.54 0.63 4.75 5.82 5.49 0.45 1.3 8.19 3.44 5.27 4.17 3.64 2.82 5.42
double 71 4.87 7.19 6.05 5.58 9.56 7.55 8.66 0.79 6.64 5.23 5.08 6.79 9.15 5.74 7.1 9.02 5.25 5.95 3.97 2.14 3.17 9.5 4.63 1.04 7.78 6.16 6.83 5.65 2.18 0.31 0.14 9.65 0.39 8.01 5.81 1.44 2.4 8.38 6.75 8.74 5.28 3.24 4.9 9.36 0.81 5.18 8.18 4.57 3.56 4.45 7.62 6.97 3.5 5.03 6.04 7.37 4.22 8.25 5.29 0.32 4.42 4.12 7.67 9.4 9.61 2.25 3.26 7.57 5.6 9.73 3.64
double 72 6.41 2.27 6.97 1.31 7.4 4.21 7.69 9.74 4.12 9.89 7.48 5.18 2.38 4.25 0.41 6 2.81 1.52 5.96 0.22 9.78 8.05 5.29 3.36 3.82 2.43 7.95 3.85 8.96 8.52 5.3 4.58 8.18 6.02 0.69 9.43 9.56 8.33 6.37 0.75 3.08 1.83 7.43 8.59 2.06 0.43 8.03 5.06 5.58 6.42 2.47 6.22 9.02 0.26 9.59 8.74 1.98 1.99 7.66 5.43 7.98 0.61 2.51 2.1 2.9 7.22 5.53 2.67 3.65 8.98 1.17 8.22
int 73 59 140 602 487 158 347 508 530 803 752 45 646 389 676 144 99 591 654 967 929 994 247 399 946 754 317 511 562 289 620 521 968 947 69 518 879 756 381 912 210 767 112 220 535 976 189 314 128 554 983 771 310 101 316 446 282 934 624 712 906 587 339 704 404 565 10 79 830 719 857 892 262 153
int 74 187 826 219 960 127 502 28 544 978 699 51 837 351 696 899 222 954 673 695 616 296 254 162 995 195 497 220 784 860 1 253 570 258 627 561 331 556 278 712 142 992 977 715 652 880 68 918 382 333 135 407 633 408 596 474 61 97 472 105 367 982 520 203 244 725 432 111 230 467 889 792 193 817 863
double 75 5.14 4.3 9.33 8.34 7.24 9.63 7.42 2.02 2.73 9.8 1.5 5.32 1.39 7.11 8.35 6.91 2.1 2.52 0.96 6.58 7.28 5.91 5.02 7.01 1.68 5.77 9.28 4.74 0.13 8.71 6.41 7.02 9.95 1.01 9.79 2.29 5.35 7.38 8.47 2.23 5.56 3.39 3.31 4.1 2.47 2.45 1.81 3.85 0.41 8.07 4.28 5.04 6.35 3.74 8.64 4.77 6.7 1.08 0.6 7.69 3.72 8.76 7.61 8.11 4.35 9.6 4.6 3.79 8.32 8.62 2.67 4.59 0.3 1.18 9.07
int 76 961 489 260 752 57 572 486 969 784 701 509 140 248 417 63 395 341 666 678 800 794 103 736 267 889 430 425 326 366 998 410 593 346 498 546 414 698 853 435 570 308 805 437 317 18 947 951 855 759 848 282 375 575 332 398 634 345 578 240 658 541 711 557 817 840 364 52 875 297 991 72 934 305 109 606 705
double 77 6.56 2.68 1.35 5.89 1.17 6.73 7.1 4.48 0.59 9.44 2.51 4.49 3.79 0.43 8.31 7.22 6.05 4.38 0.38 4.19 7.44 7.47 3.59 8.83 9.87 8.23 5.99 2.44 4.25 0.58 8.07 1.28 8.2 7.11 3.38 9.93 7.14 1.77 0.62 0.87 9.72 4.05 9.75 3.62 8.18 1.52 3.81 4.62 8.75 0.5 2.16 2.99 4.86 6.96 9.91 0.85 6.19 4.66 5.83 6.21 9.76 2.61 7.7 8.16 4.45 8.63 9.62 3 7.74 0.67 0.76 9.18 8.19 6.91 2.17 0.6 4.58
double 77 1.82 7.78 8.17 0.34 0.31 4.88 4.69 6.65 3.17 5.91 5.69 0.99 3.01 7.76 7.14 8.21 6.09 3.16 6.25 4.4 2.17 2.74 1.94 9.36 4.7 5.6 8.7 3.82 7.72 8.53 7.35 7.41 2.03 6.79 7.51 9.77 4.65 5.31 0.04 0.26 9.79 8.03 7.55 2.22 6.9 0.54 5.37 7.16 2.93 9.69 9.53 7.08 6.18 2.18 3.52 0.87 0.5 2.02 4.81 2.48 8.81 3.36 1.39 5.29 5.94 7.02 9.31 9.52 1.04 2.16 7.46 3.38 7.99 8.76 3.62 9.65 5.2
int 78 752 300 773 97 423 724 889 779 297 68 656 247 66 830 60 9 82 913 561 936 163 143 946 596 365 947 6 339 971 483 421 487 565 84 951 383 694 824 450 730 20 538 921 906 381 933 422 329 836 707 154 448 410 308 644 54 444 498 32 234 486 977 552 994 672 833 960 987 860 80 895 586 439 5 399 662 10 923
int 79 60 219 345 468 485 675 226 492 278 227 618 131 62 936 405 165 157 863 581 510 877 929 660 697 311 974 121 346 498 271 744 706 788 57 97 457 563 984 827 566 410 636 432 401 336 398 530 211 199 239 78 460 585 711 89 673 245 762 734 156 252 127 396 224 466 657 163 832 189 203 486 648 266 854 785 653 462 471 528
double 79 5.74 2.06 9.73 4.78 6.66 9.4 8.79 3.16 4.19 0.83 8.25 1.65 7.22 9.54 9.26 1.58 3.54 3.7 1.07 2.01 9.06 1.66 6.73 6.58 6.53 3.86 2.05 0.57 1.22 7.47 7.91 1.08 2.18 0.89 0.56 2.51 8.69 5.76 2.63 6.87 3.61 0.27 0.74 9.01 9.86 5.28 1.54 9.66 2.41 2.79 7.38 6.06 5.52 1.8 0.34 1.99 4.37 7.05 7.09 8.19 2 7.65 0.69 8.88 7.58 3.65 3.39 6.28 8.58 2.12 8.14 9.15 4.5 1.72 7.93 5.8 6.71 3.94 1.94
int 79 478 84 682 482 539 296 756 91 435 316 960 943 142 441 337 882 814 34 959 254 793 284 607 13 532 307 790 135 488 305 534 346 451 872 221 928 393 116 808 380 716 242 361 12 437 658 988 664 723 659 394 802 268 20 573 652 986 767 971 752 36 189 985 501 651 980 893 620 315 559 383 867 229 500 863 416 52 329 452
double 80 7.51 5.27 3.95 3.03 6.99 1.84 3.25 1.21 1.23 9.78 6.71 6.83 4.04 9.77 3.69 9.23 8.24 9 1.69 4.37 9.72 3.45 6.32 0.21 6.15 6.92 6.51 6.9 6.47 1.47 3.67 6.75 1.29 6.96 7.66 0.34 3.04 0.99 3.63 9.75 1.34 2.54 2.77 3.98 0.46 2.7 1.96 5.51 5.38 2.56 2.28 4.55 2.43 3.88 8.96 0.23 6.23 7.41 7.31 9.22 5.53 4.88 3.34 7.29 9.04 9.58 0.18 1.25 4.68 0.03 4.9 4.84 7.3 1.8 3.22 3.09 7.85 1.74 8.43 6.54
int 82 905 445 973 632 681 854 234 990 286 460 340 649 419 297 115 680 256 429 594 443 81 54 108 410 752 123 59 747 185 543 257 262 797 958 221 618 754 119 731 568 194 384 438 245 308 339 994 207 495 418 637 848 782 874 606 117 56 425 142 968 23 314 624 47 246 902 73 53 517 336 388 685 163 261 850 481 936 741 989 761 78 843
double 84 7.43 1.63 2.81 3.1 0.78 1.12 3.44 9.73 3.88 6.61 9.6 3.86 4 4.48 2.07 8.18 7.38 1.71 2.44 6.04 3.17 6.53 9.67 5.36 1.62 8.67 7.18 7.1 2.12 6.65 3.09 9.91 3.55 5.27 7.98 6.05 3.97 4.02 6.63 8.45 9.81 5.94 5.28 5.11 5.86 6.79 3.78 4.53 4.61 0.24 4.16 6.71 3.31 2.35 1.87 2.53 4.65 6.48 7.92 5.17 4.55 8.31 9.21 2.46 2.02 1.15 8.95 3.18 5.64 7.05 4.31 7.68 4.79 2.48 7.57 1.01 1.6 8.09 3.73 1.73 6.76 7.35 8.25 5.08
int 84 833 622 276 454 451 520 378 65 316 257 97 884 27 445 980 161 252 716 126 250 808 682 139 703 389 157 433 785 142 768 648 118 52 988 309 577 93 755 357 614 134 188 957 816 492 407 301 570 179 295 856 771 646 854 209 904 377 874 98 961 2 94 544 133 913 673 168 181 418 612 554 733 19 8 95 790 90 556 745 153 777 563 797 834
int 85 78 372 444 76 967 707 14 563 902 54 109 847 161 846 243 819 855 849 617 894 930 260 924 157 885 533 134 841 258 437 261 178 928 731 714 39 146 560 390 997 548 153 600 106 158 422 897 913 839 973 388 757 346 956 460 689 116 2 534 82 744 416 119 620 441 419 805 733 136 465 213 262 789 423 942 475 922 944 549 488 748 48 453 128 499
double 85 7.4 6.28 2.05 5.28 7.79 2.56 1.53 8.93 6.47 3.09 2.7 0.11 3.5 6.81 8.16 4.94 0.64 2.18 6.07 8.67 2.2 3.57 3.9 0.78 9.81 6.21 9.33 0.25 1.08 8.77 9.22 9.32 8.14 0.38 9.82 9.89 1.67 3.03 5.8 4.63 2.16 8.55 8.28 9.88 2.91 7.81 3.1 9.08 6.99 5.02 1.51 0.8 7.7 8 5.73 5.15 4 8.35 9.01 3.95 5.66 7.69 9.62 7.27 8.09 4.28 3.89 8.3 9.55 2.89 9.09 2.85 5.61 6.61 5.53 7.17 3.34 7.01 5.12 5.69 3.41 4.84 0.31 7.8 1.62
int 85 496 304 230 742 889 60 718 471 849 157 753 122 558 919 321 567 254 907 798 93 351 882 483 867 25 80 66 908 763 694 368 267 84 12 840 11 96 927 612 803 789 602 546 568 232 326 982 639 265 767 165 956 238 781 598 327 317 669 420 510 301 235 452 170 790 13 806 761 892 382 756 202 626 569 150 797 940 847 341 449 600 367 846 776 110
int 86 673 57 470 983 23 318 340 798 815 970 725 307 201 686 925 995 613 183 162 862 551 70 753 73 896 156 902 109 813 332 426 913 395 996 175 768 404 349 512 960 567 867 708 790 957 632 639 934 219 935 234 670 323 505 700 589 189 945 355 596 520 173 904 481 820 795 462 656 930 597 444 362 160 860 667 903 750 26 872 134 559 469 281 258 414 435
double 88 8.06 8 0.76 3.76 4.2 4.46 3.46 5.54 8.13 2.17 5.3 9.11 9.38 5.39 6.23 9.58 0.14 8.68 4.47 9.45 4.43 3.71 6.83 9.54 2.9 9.72 6.85 1.36 1.08 4.87 8.4 1.07 5.35 0.67 8.64 0.74 2.29 1.24 6.25 5.98 7.14 0.96 2.61 4.51 7.69 8.44 7.25 0.3 0.18 5.32 6.72 7.01 3.39 1.58 5.37 6.86 6.92 7.27 5.21 7.34 9.66 9.41 7.89 9.4 9.62 5.16 1.78 0.98 7.68 9.63 0.91 4.08 4.12 2.65 3.58 2.02 2.12 2.67 9.03 5.5 1.56 3.05 2.36 2.53 1.57 5.09 5.05 1.61
int 91 637 942 744 889 486 206 533 26 552 603 12 894 540 176 462 787 192 426 627 280 311 286 180 131 986 511 46 946 869 724 355 489 156 215 504 341 492 377 684 554 396 218 796 605 555 951 320 809 927 923 789 781 173 393 160 965 906 343 409 39 840 896 303 73 265 739 238 678 169 235 726 940 497 669 487 702 6 333 243 691 892 763 152 195 877 224 764 879 601 845 226
double 92 3.96 7.7 6.71 1.85 6.02 4.03 2.61 4.73 9 3.03 1.71 3.38 2.57 7.15 3.66 3.12 9.44 3.05 7.17 4.3 7.58 2.31 5.52 9.07 3.74 2.96 8.72 9.18 4.56 2.7 2.69 8.94 2.53 4.51 9.36 6.65 5.78 7.56 2.88 8.97 3.18 8.71 5.36 2.32 4.52 7.63 5.81 2.59 9.35 1.04 6.25 9.31 5.58 5.21 6.03 3.28 0.28 5.33 1.95 2.6 4.04 9.14 7.21 9.24 9.63 6.24 4.14 8.35 2.99 2.33 6.82 8.49 9.13 8.25 6.21 5.82 5.2 9.7 4.97 5.75 0.69 0.81 2.36 1.83 0.54 9.56 1.74 3.26 1.49 7.26 2.9 6.16
int 95 124 976 450 102 340 152 972 113 704 865 783 736 472 360 231 651 809 640 175 275 849 533 885 709 626 532 542 7 910 471 862 464 13 617 568 443 943 680 567 15 184 277 485 215 121 732 168 423 494 740 132 308 513 461 103 354 749 630 455 368 299 495 257 280 613 347 250 349 410 918 387 901 465 852 756 666 302 179 319 981 502 767 593 322 108 685 570 627 306 983 290 68 425 614 23
int 95 406 78 946 234 224 172 556 46 738 983 419 194 23 857 37 482 562 737 611 281 26 35 14 617 39 98 178 749 164 847 699 731 47 863 32 403 465 463 144 425 851 109 102 284 398 735 245 674 502 411 243 802 873 774 912 41 229 823 642 834 784 987 159 891 757 677 283 397 460 656 753 572 267 842 898 589 523 393 491 301 884 675 87 120 880 215 56 519 882 635 394 926 705 544 141
int 96 464 949 654 900 878 710 680 517 758 879 774 476 163 932 222 123 108 219 142 938 490 461 972 262 837 688 186 835 523 571 66 838 241 371 487 291 650 411 592 613 465 648 481 256 689 580 54 849 522 897 585 192 113 84 198 281 31 596 75 34 745 50 789 167 570 841 834 201 566 43 545 967 732 230 354 661 209 659 207 2 953 151 212 228 217 970 817 947 979 156 237 61 41 373 895 83
int 97 816 169 22 382 136 557 506 949 368 54 770 882 329 462 778 964 742 434 282 549 212 100 252 2 402 218 808 805 829 191 391 360 948 672 493 471 442 255 63 984 980 365 661 407 362 541 584 586 708 249 613 683 581 271 389 884 833 303 155 482 785 404 717 309 88 865 170 465 892 730 759 148 324 774 379 767 677 428 614 227 285 441 654 905 781 229 426 197 295 976 223 283 680 775 555 797 184
double 97 8.52 4.46 5.36 5.33 6.21 3.61 8.81 7.61 9.51 8.66 7.51 6.47 2.83 9.2 9.57 6.75 6.11 5.34 1.84 7.35 1.21 0.35 1.6 8.8 4.19 2.17 5.67 0.86 8.78 6.89 5.94 1.81 5.44 9.64 4.3 6.94 3.92 3.43 2.34 4.85 3.95 3.16 3.69 9.63 5.72 9.37 2.54 3.54 7.06 8.14 0.13 3.09 5.82 7.19 8.17 9.43 3.62 8.29 4.53 4.74 5.42 1.29 4.5 0.16 3.63 7.52 8.16 5 3.73 4.14 0.99 6.18 5.56 1.63 1.61 0.03 5.55 9.21 0.93 4.81 3.03 8.95 5.18 5.47 1.5 2.06 7.07 2.33 1.54 4.29 0.87 8.55 7.94 3.55 5.21 6.52 6.46
int 97 289 178 357 539 50 126 309 171 156 373 724 80 390 219 415 886 870 813 948 677 826 513 798 187 557 26 589 490 6 600 588 729 72 560 875 27 387 750 993 101 210 912 561 591 315 569 553 226 807 418 847 913 57 244 510 7 895 269 679 304 375 84 103 218 970 119 722 451 169 395 316 429 265 583 937 310 235 278 590 981 952 406 511 964 243 817 262 9 411 717 824 749 671 279 505 369 325
double 99 2.91 1.28 4.27 1.51 2.12 8.79 2.97 9.62 4.9 3.52 1.26 7.74 2.69 1.59 2.2 7.35 4.19 1.53 0.71 4.36 1.95 2.1 9.48 4.46 9.55 3.25 1.41 4.53 1.39 8.02 9.71 7.94 7.53 2.98 5.14 3.51 4.35 9.61 4.69 6.74 0.77 4.28 0.34 3.7 6.12 6.39 7.55 0.76 2.87 0.57 6.93 7.46 0.99 5.86 9.58 6.25 2.25 9.69 6.76 7.7 3.53 8.42 5.13 1.29 8.39 9.14 8.81 1.22 8.85 8.99 2.57 1.09 9.17 0.79 2.88 6.43 6.51 6.32 4.48 7.57 7.86 5.83 6.02 9.81 2.07 8.67 6.45 1.73 7.92 7.11 3.12 2.94 6.87 9.39 3.57 6.82 4.29 5.39 5.36
int 100 237 790 362 651 710 209 975 809 267 581 502 951 905 654 981 440 208 172 436 829 841 43 95 90 590 463 69 200 907 960 630 834 226 991 484 804 899 311 54 211 920 559 143 512 971 368 104 978 733 585 659 156 382 508 44 41 437 390 673 887 479 294 379 313 455 28 892 52 64 737 683 307 837 529 258 521 394 668 993 677 568 583 252 497 882 914 457 990 822 179 643 615 674 202 792 964 141 577 468 435
int 100 787 718 473 426 378 434 292 700 971 49 51 573 666 807 469 336 126 280 258 128 647 99 335 304 767 850 253 342 338 730 855 29 321 661 499 811 563 167 169 874 751 691 507 112 138 886 895 496 8 664 323 616 372 707 212 107 603 505 156 834 71 299 134 364 749 89 770 360 937 155 676 927 651 310 42 673 821 498 585 182 906 334 968 858 346 197 446 536 604 753 835 756 994 938 711 395 339 936 615 716
double 101 7.01 8.96 3.67 3.27 5.86 2.68 3.3 7.35 3.29 7.19 3.15 8.18 1.02 1.11 6.31 2.7 4.81 2.49 1.17 0.4 2.72 9.88 1.04 9.18 2.06 7.04 0.62 8.44 3.79 2.51 8.32 6.03 3.49 9.06 4.69 6.74 8.15 7.53 4.11 5.38 1.87 9.77 5.12 0.96 2.48 3.63 4.34 3.53 7.79 0.98 0.43 4.93 4.24 3.41 4.61 6.15 1.66 4.62 8.93 4.75 8.16 3.6 4.77 6.81 3.11 3.01 2.33 1.85 5.48 2.19 0.5 1.73 0.82 1.49 1.35 6.37 0.09 8.08 5.78 1.78 6.45 1.58 8.39 7.14 1.63 1.98 4.63 0.55 8.45 6.65 3.39 7.03 1.91 7.71 8.98 6.28 9.87 9.23 3.96 0.17 6.42
double 105 1.23 0.11 2.47 8.6 4.6 2.21 8.99 5.47 5.27 7.19 6.34 6.01 7.24 7.98 3.85 4.36 4.52 8.25 1.15 1.32 7.96 1.67 9.02 2.45 8.59 7.52 1.43 3.13 6.95 0.06 3.15 1.62 9.97 3.65 6.56 7.85 2.76 0.68 0.57 5.38 8.87 0.8 1.97 6.83 7.36 1.53 3.94 7.95 7.08 7.3 8.47 9.2 4.28 7.38 0.1 1.35 5.54 8.16 7.51 8.64 2.43 1.7 4.24 1.39 6.28 6.76 8.37 6.38 8.92 6.8 8.97 7.02 9.94 7.76 0.27 3.28 5.51 6.96 7.75 7.7 5.84 0.04 6.39 8.8 6.19 2.36 9.56 7.63 2.73 7.01 0.17 8.36 8.1 0.12 8.65 6.23 7.64 0.41 0.01 0.84 6.14 4.91 4 7.07 0.92
int 106 957 14 377 231 255 467 237 465 246 164 698 81 320 64 976 396 149 298 696 112 825 893 872 209 155 823 625 52 801 285 463 58 783 169 879 55 69 328 771 189 757 741 469 143 974 687 356 563 261 453 892 864 206 287 642 110 379 967 395 195 524 473 184 482 347 393 257 868 276 301 91 659 394 13 979 108 551 888 688 981 196 962 591 24 368 414 965 767 555 624 7 472 554 593 283 887 313 664 587 63 354 382 299 243 337 828
int 106 976 705 855 410 938 436 598 283 37 334 580 723 48 733 756 786 251 505 263 343 452 625 362 584 354 645 390 109 40 560 247 641 414 829 287 243 94 921 784 412 986 808 305 824 899 659 105 288 935 975 375 656 596 86 787 503 447 676 210 233 173 491 11 420 387 532 818 680 45 88 701 949 147 670 163 398 464 726 259 906 600 413 678 639 623 793 926 605 286 814 152 539 21 360 770 634 946 934 683 1 301 980 979 734 62 774
double 106 6.3 9.44 1.15 2.86 0.62 8.25 7.06 9.03 5.2 4.85 8.27 2.63 9.36 0.4 3.85 9.17 8.15 6.76 1.04 7.82 5.18 8.61 2.94 0.8 9.6 6.66 0.11 3.6 8.13 1.65 2.22 1.01 6.39 1.42 1.16 4.26 2.19 2.13 6.82 2.78 4.54 1.92 5.11 5 7.46 7.71 1.19 2.29 6.24 2.67 1.28 1.07 4.18 7.68 8.43 3.91 8.49 9.56 3.03 9.21 2.54 1.66 1.27 7.94 8.5 1.22 0.03 3.67 9.89 4.78 7.18 1.21 2.04 4.35 7.25 6.54 0.32 9.08 1.99 6.36 7.93 0.13 8.05 8.38 9.79 1.47 1.77 7.74 5.92 0.82 4.05 4.09 3.34 1.7 7.89 1.87 2.55 8.44 6.74 1.4 4.93 9.88 5.83 7.17 0.95 8.36
int 107 242 567 192 834 587 113 874 207 873 563 940 641 568 886 173 789 10 592 267 935 81 40 19 526 105 258 409 923 645 629 682 490 612 147 106 211 394 253 112 701 715 744 816 805 324 405 249 151 566 39 802 512 359 381 525 111 888 148 674 436 385 968 341 607 796 322 471 472 925 357 535 421 193 507 961 323 144 268 513 541 739 515 395 853 466 598 272 38 137 325 482 727 679 487 949 310 511 800 275 591 295 931 426 909 624 610 807
double 108 2.68 1.79 6.37 1.73 4.84 4.24 8.66 3.91 4.32 6.4 7.64 7.55 1.58 7.04 4.35 5.68 0.18 8.18 1.18 7.97 0.6 4.23 1.8 8.26 4.94 8.13 5.11 0.11 3.27 1.31 1.49 2.47 5.55 2.06 0.84 1.88 6.68 8.03 2.33 8.33 8.79 8.32 5.28 6.05 5.06 5.03 5.99 4.43 1.52 6.15 0.27 7.66 1.98 2.86 4.79 9.64 8.23 7.65 8.83 4.95 4.62 2.59 5.54 3.21 2.92 5.07 1.68 9.68 1.95 9.63 2.71 8.62 0.25 4.11 2.28 6.09 6.27 1.3 7.15 9.95 8.48 4.03 3.49 7.5 7.72 0.05 0.06 9.02 6.1 9.57 8.27 4.37 4.04 9.36 1.27 7.57 8.29 5.78 0.68 7.12 9.42 1.17 4.47 5.35 7.79 2.04 1.05 6.3
